"text","rt","key_press","block_duration","timing_post_trial","trial_id","trial_type","trial_index","time_elapsed","internal_node_id","exp_id","full_screen","focus_shifts","view_history","stimulus","possible_responses","stim_duration","trial_num","initial_rating","preTaskStim","exp_stage","correct_response","correct","stim","accuracy","final_rating","postTaskStim","condition","difference"
"<div class = bigBox><div class = welcomeBox><p class = center-block-text><font color = ""white"">Welcome to the experiment. This experiment had 3 phases and will take about 40 minutes. Press <strong>enter</strong> to begin.</font></p></div></div>","35907","13","35907","-1","instruction","poldrack-text","0","35908","0.0-0.0-0.0","go_nogo","true","0","","","","","","","","","","","","","","","",""
"","17325","","","","instruction","poldrack-instructions","1","53234","0.0-0.0-1.0","go_nogo","true","0","[{""page_index"":0,""viewing_time"":17324}]","","","","","","","","","","","","","","",""
"","5916","81","5916","-1","pre_task","poldrack-single-stim","2","59151","0.0-1.0-0.0","go_nogo","true","0","","<div class = bigBox><div class = pictureBox><img class='img.displayed' src='/static/experiments/gng_food/images/FlamingCheetos.bmp'></img></div><div class = sliderbox><div class = buttonBox><div class = Button1><input type=""button"" id = ""button1"" value=""1"" onClick = ""pressSubmit(1, 81)""></div><div class = Button2><input type=""button"" id = ""button2"" value=""2"" onClick = ""pressSubmit(2, 81)""></div><div class = Button3><input type=""button"" id = ""button3"" value=""3"" onClick = ""pressSubmit(3, 81)""></div><div class = Button4><input type=""button"" id = ""button4"" value=""4"" onClick = ""pressSubmit(4, 81)""></div><div class = Button5><input type=""button"" id = ""button5"" value=""5"" onClick = ""pressSubmit(5, 81)""></div><div class = Button6><input type=""button"" id = ""button6"" value=""6"" onClick = ""pressSubmit(6, 81)""></div><div class = Button7><input type=""button"" id = ""button7"" value=""7"" onClick = ""pressSubmit(7, 81)""></div></div></div></div>","81","5916","0","5","FlamingCheetos.bmp","","","","","","","","",""
"","3047","81","3047","-1","pre_task","poldrack-single-stim","3","62200","0.0-1.0-1.0","go_nogo","true","0","","<div class = bigBox><div class = pictureBox><img class='img.displayed' src='/static/experiments/gng_food/images/ChocolateDonuts.bmp'></img></div><div class = sliderbox><div class = buttonBox><div class = Button1><input type=""button"" id = ""button1"" value=""1"" onClick = ""pressSubmit(1, 81)""></div><div class = Button2><input type=""button"" id = ""button2"" value=""2"" onClick = ""pressSubmit(2, 81)""></div><div class = Button3><input type=""button"" id = ""button3"" value=""3"" onClick = ""pressSubmit(3, 81)""></div><div class = Button4><input type=""button"" id = ""button4"" value=""4"" onClick = ""pressSubmit(4, 81)""></div><div class = Button5><input type=""button"" id = ""button5"" value=""5"" onClick = ""pressSubmit(5, 81)""></div><div class = Button6><input type=""button"" id = ""button6"" value=""6"" onClick = ""pressSubmit(6, 81)""></div><div class = Button7><input type=""button"" id = ""button7"" value=""7"" onClick = ""pressSubmit(7, 81)""></div></div></div></div>","81","3047","1","2","ChocolateDonuts.bmp","","","","","","","","",""
"","1765","81","1765","-1","pre_task","poldrack-single-stim","4","63966","0.0-1.0-2.0","go_nogo","true","0","","<div class = bigBox><div class = pictureBox><img class='img.displayed' src='/static/experiments/gng_food/images/ChipsAhoy_small.bmp'></img></div><div class = sliderbox><div class = buttonBox><div class = Button1><input type=""button"" id = ""button1"" value=""1"" onClick = ""pressSubmit(1, 81)""></div><div class = Button2><input type=""button"" id = ""button2"" value=""2"" onClick = ""pressSubmit(2, 81)""></div><div class = Button3><input type=""button"" id = ""button3"" value=""3"" onClick = ""pressSubmit(3, 81)""></div><div class = Button4><input type=""button"" id = ""button4"" value=""4"" onClick = ""pressSubmit(4, 81)""></div><div class = Button5><input type=""button"" id = ""button5"" value=""5"" onClick = ""pressSubmit(5, 81)""></div><div class = Button6><input type=""button"" id = ""button6"" value=""6"" onClick = ""pressSubmit(6, 81)""></div><div class = Button7><input type=""button"" id = ""button7"" value=""7"" onClick = ""pressSubmit(7, 81)""></div></div></div></div>","81","1765","2","5","ChipsAhoy_small.bmp","","","","","","","","",""
"","1832","81","1832","-1","pre_task","poldrack-single-stim","5","65800","0.0-1.0-3.0","go_nogo","true","0","","<div class = bigBox><div class = pictureBox><img class='img.displayed' src='/static/experiments/gng_food/images/chocolate_mm.bmp'></img></div><div class = sliderbox><div class = buttonBox><div class = Button1><input type=""button"" id = ""button1"" value=""1"" onClick = ""pressSubmit(1, 81)""></div><div class = Button2><input type=""button"" id = ""button2"" value=""2"" onClick = ""pressSubmit(2, 81)""></div><div class = Button3><input type=""button"" id = ""button3"" value=""3"" onClick = ""pressSubmit(3, 81)""></div><div class = Button4><input type=""button"" id = ""button4"" value=""4"" onClick = ""pressSubmit(4, 81)""></div><div class = Button5><input type=""button"" id = ""button5"" value=""5"" onClick = ""pressSubmit(5, 81)""></div><div class = Button6><input type=""button"" id = ""button6"" value=""6"" onClick = ""pressSubmit(6, 81)""></div><div class = Button7><input type=""button"" id = ""button7"" value=""7"" onClick = ""pressSubmit(7, 81)""></div></div></div></div>","81","1832","3","6","chocolate_mm.bmp","","","","","","","","",""
"","3239","81","3239","-1","pre_task","poldrack-single-stim","6","69040","0.0-1.0-4.0","go_nogo","true","0","","<div class = bigBox><div class = pictureBox><img class='img.displayed' src='/static/experiments/gng_food/images/MrGoodbar.bmp'></img></div><div class = sliderbox><div class = buttonBox><div class = Button1><input type=""button"" id = ""button1"" value=""1"" onClick = ""pressSubmit(1, 81)""></div><div class = Button2><input type=""button"" id = ""button2"" value=""2"" onClick = ""pressSubmit(2, 81)""></div><div class = Button3><input type=""button"" id = ""button3"" value=""3"" onClick = ""pressSubmit(3, 81)""></div><div class = Button4><input type=""button"" id = ""button4"" value=""4"" onClick = ""pressSubmit(4, 81)""></div><div class = Button5><input type=""button"" id = ""button5"" value=""5"" onClick = ""pressSubmit(5, 81)""></div><div class = Button6><input type=""button"" id = ""button6"" value=""6"" onClick = ""pressSubmit(6, 81)""></div><div class = Button7><input type=""button"" id = ""button7"" value=""7"" onClick = ""pressSubmit(7, 81)""></div></div></div></div>","81","3239","4","4","MrGoodbar.bmp","","","","","","","","",""
"","1698","81","1698","-1","pre_task","poldrack-single-stim","7","70738","0.0-1.0-5.0","go_nogo","true","0","","<div class = bigBox><div class = pictureBox><img class='img.displayed' src='/static/experiments/gng_food/images/TootsieRolls.bmp'></img></div><div class = sliderbox><div class = buttonBox><div class = Button1><input type=""button"" id = ""button1"" value=""1"" onClick = ""pressSubmit(1, 81)""></div><div class = Button2><input type=""button"" id = ""button2"" value=""2"" onClick = ""pressSubmit(2, 81)""></div><div class = Button3><input type=""button"" id = ""button3"" value=""3"" onClick = ""pressSubmit(3, 81)""></div><div class = Button4><input type=""button"" id = ""button4"" value=""4"" onClick = ""pressSubmit(4, 81)""></div><div class = Button5><input type=""button"" id = ""button5"" value=""5"" onClick = ""pressSubmit(5, 81)""></div><div class = Button6><input type=""button"" id = ""button6"" value=""6"" onClick = ""pressSubmit(6, 81)""></div><div class = Button7><input type=""button"" id = ""button7"" value=""7"" onClick = ""pressSubmit(7, 81)""></div></div></div></div>","81","1698","5","5","TootsieRolls.bmp","","","","","","","","",""
"","1855","81","1855","-1","pre_task","poldrack-single-stim","8","72595","0.0-1.0-6.0","go_nogo","true","0","","<div class = bigBox><div class = pictureBox><img class='img.displayed' src='/static/experiments/gng_food/images/Ruffles.bmp'></img></div><div class = sliderbox><div class = buttonBox><div class = Button1><input type=""button"" id = ""button1"" value=""1"" onClick = ""pressSubmit(1, 81)""></div><div class = Button2><input type=""button"" id = ""button2"" value=""2"" onClick = ""pressSubmit(2, 81)""></div><div class = Button3><input type=""button"" id = ""button3"" value=""3"" onClick = ""pressSubmit(3, 81)""></div><div class = Button4><input type=""button"" id = ""button4"" value=""4"" onClick = ""pressSubmit(4, 81)""></div><div class = Button5><input type=""button"" id = ""button5"" value=""5"" onClick = ""pressSubmit(5, 81)""></div><div class = Button6><input type=""button"" id = ""button6"" value=""6"" onClick = ""pressSubmit(6, 81)""></div><div class = Button7><input type=""button"" id = ""button7"" value=""7"" onClick = ""pressSubmit(7, 81)""></div></div></div></div>","81","1855","6","6","Ruffles.bmp","","","","","","","","",""
"","2485","81","2485","-1","pre_task","poldrack-single-stim","9","75081","0.0-1.0-7.0","go_nogo","true","0","","<div class = bigBox><div class = pictureBox><img class='img.displayed' src='/static/experiments/gng_food/images/Twix.bmp'></img></div><div class = sliderbox><div class = buttonBox><div class = Button1><input type=""button"" id = ""button1"" value=""1"" onClick = ""pressSubmit(1, 81)""></div><div class = Button2><input type=""button"" id = ""button2"" value=""2"" onClick = ""pressSubmit(2, 81)""></div><div class = Button3><input type=""button"" id = ""button3"" value=""3"" onClick = ""pressSubmit(3, 81)""></div><div class = Button4><input type=""button"" id = ""button4"" value=""4"" onClick = ""pressSubmit(4, 81)""></div><div class = Button5><input type=""button"" id = ""button5"" value=""5"" onClick = ""pressSubmit(5, 81)""></div><div class = Button6><input type=""button"" id = ""button6"" value=""6"" onClick = ""pressSubmit(6, 81)""></div><div class = Button7><input type=""button"" id = ""button7"" value=""7"" onClick = ""pressSubmit(7, 81)""></div></div></div></div>","81","2485","7","7","Twix.bmp","","","","","","","","",""
"","1889","81","1889","-1","pre_task","poldrack-single-stim","10","76971","0.0-1.0-8.0","go_nogo","true","0","","<div class = bigBox><div class = pictureBox><img class='img.displayed' src='/static/experiments/gng_food/images/grannysmith.bmp'></img></div><div class = sliderbox><div class = buttonBox><div class = Button1><input type=""button"" id = ""button1"" value=""1"" onClick = ""pressSubmit(1, 81)""></div><div class = Button2><input type=""button"" id = ""button2"" value=""2"" onClick = ""pressSubmit(2, 81)""></div><div class = Button3><input type=""button"" id = ""button3"" value=""3"" onClick = ""pressSubmit(3, 81)""></div><div class = Button4><input type=""button"" id = ""button4"" value=""4"" onClick = ""pressSubmit(4, 81)""></div><div class = Button5><input type=""button"" id = ""button5"" value=""5"" onClick = ""pressSubmit(5, 81)""></div><div class = Button6><input type=""button"" id = ""button6"" value=""6"" onClick = ""pressSubmit(6, 81)""></div><div class = Button7><input type=""button"" id = ""button7"" value=""7"" onClick = ""pressSubmit(7, 81)""></div></div></div></div>","81","1889","8","5","grannysmith.bmp","","","","","","","","",""
"","3971","81","3971","-1","pre_task","poldrack-single-stim","11","80943","0.0-1.0-9.0","go_nogo","true","0","","<div class = bigBox><div class = pictureBox><img class='img.displayed' src='/static/experiments/gng_food/images/sbcrackers.bmp'></img></div><div class = sliderbox><div class = buttonBox><div class = Button1><input type=""button"" id = ""button1"" value=""1"" onClick = ""pressSubmit(1, 81)""></div><div class = Button2><input type=""button"" id = ""button2"" value=""2"" onClick = ""pressSubmit(2, 81)""></div><div class = Button3><input type=""button"" id = ""button3"" value=""3"" onClick = ""pressSubmit(3, 81)""></div><div class = Button4><input type=""button"" id = ""button4"" value=""4"" onClick = ""pressSubmit(4, 81)""></div><div class = Button5><input type=""button"" id = ""button5"" value=""5"" onClick = ""pressSubmit(5, 81)""></div><div class = Button6><input type=""button"" id = ""button6"" value=""6"" onClick = ""pressSubmit(6, 81)""></div><div class = Button7><input type=""button"" id = ""button7"" value=""7"" onClick = ""pressSubmit(7, 81)""></div></div></div></div>","81","3971","9","3","sbcrackers.bmp","","","","","","","","",""
"","1810","81","1810","-1","pre_task","poldrack-single-stim","12","82753","0.0-1.0-10.0","go_nogo","true","0","","<div class = bigBox><div class = pictureBox><img class='img.displayed' src='/static/experiments/gng_food/images/AnimalCrackers.bmp'></img></div><div class = sliderbox><div class = buttonBox><div class = Button1><input type=""button"" id = ""button1"" value=""1"" onClick = ""pressSubmit(1, 81)""></div><div class = Button2><input type=""button"" id = ""button2"" value=""2"" onClick = ""pressSubmit(2, 81)""></div><div class = Button3><input type=""button"" id = ""button3"" value=""3"" onClick = ""pressSubmit(3, 81)""></div><div class = Button4><input type=""button"" id = ""button4"" value=""4"" onClick = ""pressSubmit(4, 81)""></div><div class = Button5><input type=""button"" id = ""button5"" value=""5"" onClick = ""pressSubmit(5, 81)""></div><div class = Button6><input type=""button"" id = ""button6"" value=""6"" onClick = ""pressSubmit(6, 81)""></div><div class = Button7><input type=""button"" id = ""button7"" value=""7"" onClick = ""pressSubmit(7, 81)""></div></div></div></div>","81","1810","10","5","AnimalCrackers.bmp","","","","","","","","",""
"","2721","81","2721","-1","pre_task","poldrack-single-stim","13","85476","0.0-1.0-11.0","go_nogo","true","0","","<div class = bigBox><div class = pictureBox><img class='img.displayed' src='/static/experiments/gng_food/images/chocpudding.bmp'></img></div><div class = sliderbox><div class = buttonBox><div class = Button1><input type=""button"" id = ""button1"" value=""1"" onClick = ""pressSubmit(1, 81)""></div><div class = Button2><input type=""button"" id = ""button2"" value=""2"" onClick = ""pressSubmit(2, 81)""></div><div class = Button3><input type=""button"" id = ""button3"" value=""3"" onClick = ""pressSubmit(3, 81)""></div><div class = Button4><input type=""button"" id = ""button4"" value=""4"" onClick = ""pressSubmit(4, 81)""></div><div class = Button5><input type=""button"" id = ""button5"" value=""5"" onClick = ""pressSubmit(5, 81)""></div><div class = Button6><input type=""button"" id = ""button6"" value=""6"" onClick = ""pressSubmit(6, 81)""></div><div class = Button7><input type=""button"" id = ""button7"" value=""7"" onClick = ""pressSubmit(7, 81)""></div></div></div></div>","81","2721","11","5","chocpudding.bmp","","","","","","","","",""
"","2081","81","2081","-1","pre_task","poldrack-single-stim","14","87558","0.0-1.0-12.0","go_nogo","true","0","","<div class = bigBox><div class = pictureBox><img class='img.displayed' src='/static/experiments/gng_food/images/BabyRuth.bmp'></img></div><div class = sliderbox><div class = buttonBox><div class = Button1><input type=""button"" id = ""button1"" value=""1"" onClick = ""pressSubmit(1, 81)""></div><div class = Button2><input type=""button"" id = ""button2"" value=""2"" onClick = ""pressSubmit(2, 81)""></div><div class = Button3><input type=""button"" id = ""button3"" value=""3"" onClick = ""pressSubmit(3, 81)""></div><div class = Button4><input type=""button"" id = ""button4"" value=""4"" onClick = ""pressSubmit(4, 81)""></div><div class = Button5><input type=""button"" id = ""button5"" value=""5"" onClick = ""pressSubmit(5, 81)""></div><div class = Button6><input type=""button"" id = ""button6"" value=""6"" onClick = ""pressSubmit(6, 81)""></div><div class = Button7><input type=""button"" id = ""button7"" value=""7"" onClick = ""pressSubmit(7, 81)""></div></div></div></div>","81","2081","12","2","BabyRuth.bmp","","","","","","","","",""
"","5658","81","5658","-1","pre_task","poldrack-single-stim","15","93216","0.0-1.0-13.0","go_nogo","true","0","","<div class = bigBox><div class = pictureBox><img class='img.displayed' src='/static/experiments/gng_food/images/carrots.bmp'></img></div><div class = sliderbox><div class = buttonBox><div class = Button1><input type=""button"" id = ""button1"" value=""1"" onClick = ""pressSubmit(1, 81)""></div><div class = Button2><input type=""button"" id = ""button2"" value=""2"" onClick = ""pressSubmit(2, 81)""></div><div class = Button3><input type=""button"" id = ""button3"" value=""3"" onClick = ""pressSubmit(3, 81)""></div><div class = Button4><input type=""button"" id = ""button4"" value=""4"" onClick = ""pressSubmit(4, 81)""></div><div class = Button5><input type=""button"" id = ""button5"" value=""5"" onClick = ""pressSubmit(5, 81)""></div><div class = Button6><input type=""button"" id = ""button6"" value=""6"" onClick = ""pressSubmit(6, 81)""></div><div class = Button7><input type=""button"" id = ""button7"" value=""7"" onClick = ""pressSubmit(7, 81)""></div></div></div></div>","81","5658","13","5","carrots.bmp","","","","","","","","",""
"","1844","81","1844","-1","pre_task","poldrack-single-stim","16","95061","0.0-1.0-14.0","go_nogo","true","0","","<div class = bigBox><div class = pictureBox><img class='img.displayed' src='/static/experiments/gng_food/images/slimfastC.bmp'></img></div><div class = sliderbox><div class = buttonBox><div class = Button1><input type=""button"" id = ""button1"" value=""1"" onClick = ""pressSubmit(1, 81)""></div><div class = Button2><input type=""button"" id = ""button2"" value=""2"" onClick = ""pressSubmit(2, 81)""></div><div class = Button3><input type=""button"" id = ""button3"" value=""3"" onClick = ""pressSubmit(3, 81)""></div><div class = Button4><input type=""button"" id = ""button4"" value=""4"" onClick = ""pressSubmit(4, 81)""></div><div class = Button5><input type=""button"" id = ""button5"" value=""5"" onClick = ""pressSubmit(5, 81)""></div><div class = Button6><input type=""button"" id = ""button6"" value=""6"" onClick = ""pressSubmit(6, 81)""></div><div class = Button7><input type=""button"" id = ""button7"" value=""7"" onClick = ""pressSubmit(7, 81)""></div></div></div></div>","81","1844","14","4","slimfastC.bmp","","","","","","","","",""
"","3881","81","3881","-1","pre_task","poldrack-single-stim","17","98942","0.0-1.0-15.0","go_nogo","true","0","","<div class = bigBox><div class = pictureBox><img class='img.displayed' src='/static/experiments/gng_food/images/TeddyGrahamschocolate.bmp'></img></div><div class = sliderbox><div class = buttonBox><div class = Button1><input type=""button"" id = ""button1"" value=""1"" onClick = ""pressSubmit(1, 81)""></div><div class = Button2><input type=""button"" id = ""button2"" value=""2"" onClick = ""pressSubmit(2, 81)""></div><div class = Button3><input type=""button"" id = ""button3"" value=""3"" onClick = ""pressSubmit(3, 81)""></div><div class = Button4><input type=""button"" id = ""button4"" value=""4"" onClick = ""pressSubmit(4, 81)""></div><div class = Button5><input type=""button"" id = ""button5"" value=""5"" onClick = ""pressSubmit(5, 81)""></div><div class = Button6><input type=""button"" id = ""button6"" value=""6"" onClick = ""pressSubmit(6, 81)""></div><div class = Button7><input type=""button"" id = ""button7"" value=""7"" onClick = ""pressSubmit(7, 81)""></div></div></div></div>","81","3881","15","5","TeddyGrahamschocolate.bmp","","","","","","","","",""
"","1866","81","1866","-1","pre_task","poldrack-single-stim","18","100810","0.0-1.0-16.0","go_nogo","true","0","","<div class = bigBox><div class = pictureBox><img class='img.displayed' src='/static/experiments/gng_food/images/butterfinger.bmp'></img></div><div class = sliderbox><div class = buttonBox><div class = Button1><input type=""button"" id = ""button1"" value=""1"" onClick = ""pressSubmit(1, 81)""></div><div class = Button2><input type=""button"" id = ""button2"" value=""2"" onClick = ""pressSubmit(2, 81)""></div><div class = Button3><input type=""button"" id = ""button3"" value=""3"" onClick = ""pressSubmit(3, 81)""></div><div class = Button4><input type=""button"" id = ""button4"" value=""4"" onClick = ""pressSubmit(4, 81)""></div><div class = Button5><input type=""button"" id = ""button5"" value=""5"" onClick = ""pressSubmit(5, 81)""></div><div class = Button6><input type=""button"" id = ""button6"" value=""6"" onClick = ""pressSubmit(6, 81)""></div><div class = Button7><input type=""button"" id = ""button7"" value=""7"" onClick = ""pressSubmit(7, 81)""></div></div></div></div>","81","1866","16","6","butterfinger.bmp","","","","","","","","",""
"","2711","81","2711","-1","pre_task","poldrack-single-stim","19","103521","0.0-1.0-17.0","go_nogo","true","0","","<div class = bigBox><div class = pictureBox><img class='img.displayed' src='/static/experiments/gng_food/images/Toberlorone.bmp'></img></div><div class = sliderbox><div class = buttonBox><div class = Button1><input type=""button"" id = ""button1"" value=""1"" onClick = ""pressSubmit(1, 81)""></div><div class = Button2><input type=""button"" id = ""button2"" value=""2"" onClick = ""pressSubmit(2, 81)""></div><div class = Button3><input type=""button"" id = ""button3"" value=""3"" onClick = ""pressSubmit(3, 81)""></div><div class = Button4><input type=""button"" id = ""button4"" value=""4"" onClick = ""pressSubmit(4, 81)""></div><div class = Button5><input type=""button"" id = ""button5"" value=""5"" onClick = ""pressSubmit(5, 81)""></div><div class = Button6><input type=""button"" id = ""button6"" value=""6"" onClick = ""pressSubmit(6, 81)""></div><div class = Button7><input type=""button"" id = ""button7"" value=""7"" onClick = ""pressSubmit(7, 81)""></div></div></div></div>","81","2711","17","6","Toberlorone.bmp","","","","","","","","",""
"","3509","81","3509","-1","pre_task","poldrack-single-stim","20","107031","0.0-1.0-18.0","go_nogo","true","0","","<div class = bigBox><div class = pictureBox><img class='img.displayed' src='/static/experiments/gng_food/images/milano.bmp'></img></div><div class = sliderbox><div class = buttonBox><div class = Button1><input type=""button"" id = ""button1"" value=""1"" onClick = ""pressSubmit(1, 81)""></div><div class = Button2><input type=""button"" id = ""button2"" value=""2"" onClick = ""pressSubmit(2, 81)""></div><div class = Button3><input type=""button"" id = ""button3"" value=""3"" onClick = ""pressSubmit(3, 81)""></div><div class = Button4><input type=""button"" id = ""button4"" value=""4"" onClick = ""pressSubmit(4, 81)""></div><div class = Button5><input type=""button"" id = ""button5"" value=""5"" onClick = ""pressSubmit(5, 81)""></div><div class = Button6><input type=""button"" id = ""button6"" value=""6"" onClick = ""pressSubmit(6, 81)""></div><div class = Button7><input type=""button"" id = ""button7"" value=""7"" onClick = ""pressSubmit(7, 81)""></div></div></div></div>","81","3509","18","5","milano.bmp","","","","","","","","",""
"","1754","81","1754","-1","pre_task","poldrack-single-stim","21","108786","0.0-1.0-19.0","go_nogo","true","0","","<div class = bigBox><div class = pictureBox><img class='img.displayed' src='/static/experiments/gng_food/images/KitKat_small.bmp'></img></div><div class = sliderbox><div class = buttonBox><div class = Button1><input type=""button"" id = ""button1"" value=""1"" onClick = ""pressSubmit(1, 81)""></div><div class = Button2><input type=""button"" id = ""button2"" value=""2"" onClick = ""pressSubmit(2, 81)""></div><div class = Button3><input type=""button"" id = ""button3"" value=""3"" onClick = ""pressSubmit(3, 81)""></div><div class = Button4><input type=""button"" id = ""button4"" value=""4"" onClick = ""pressSubmit(4, 81)""></div><div class = Button5><input type=""button"" id = ""button5"" value=""5"" onClick = ""pressSubmit(5, 81)""></div><div class = Button6><input type=""button"" id = ""button6"" value=""6"" onClick = ""pressSubmit(6, 81)""></div><div class = Button7><input type=""button"" id = ""button7"" value=""7"" onClick = ""pressSubmit(7, 81)""></div></div></div></div>","81","1754","19","7","KitKat_small.bmp","","","","","","","","",""
"","1529","81","1529","-1","pre_task","poldrack-single-stim","22","110317","0.0-1.0-20.0","go_nogo","true","0","","<div class = bigBox><div class = pictureBox><img class='img.displayed' src='/static/experiments/gng_food/images/luckycharms.bmp'></img></div><div class = sliderbox><div class = buttonBox><div class = Button1><input type=""button"" id = ""button1"" value=""1"" onClick = ""pressSubmit(1, 81)""></div><div class = Button2><input type=""button"" id = ""button2"" value=""2"" onClick = ""pressSubmit(2, 81)""></div><div class = Button3><input type=""button"" id = ""button3"" value=""3"" onClick = ""pressSubmit(3, 81)""></div><div class = Button4><input type=""button"" id = ""button4"" value=""4"" onClick = ""pressSubmit(4, 81)""></div><div class = Button5><input type=""button"" id = ""button5"" value=""5"" onClick = ""pressSubmit(5, 81)""></div><div class = Button6><input type=""button"" id = ""button6"" value=""6"" onClick = ""pressSubmit(6, 81)""></div><div class = Button7><input type=""button"" id = ""button7"" value=""7"" onClick = ""pressSubmit(7, 81)""></div></div></div></div>","81","1529","20","6","luckycharms.bmp","","","","","","","","",""
"","1394","81","1394","-1","pre_task","poldrack-single-stim","23","111712","0.0-1.0-21.0","go_nogo","true","0","","<div class = bigBox><div class = pictureBox><img class='img.displayed' src='/static/experiments/gng_food/images/grapenerds.bmp'></img></div><div class = sliderbox><div class = buttonBox><div class = Button1><input type=""button"" id = ""button1"" value=""1"" onClick = ""pressSubmit(1, 81)""></div><div class = Button2><input type=""button"" id = ""button2"" value=""2"" onClick = ""pressSubmit(2, 81)""></div><div class = Button3><input type=""button"" id = ""button3"" value=""3"" onClick = ""pressSubmit(3, 81)""></div><div class = Button4><input type=""button"" id = ""button4"" value=""4"" onClick = ""pressSubmit(4, 81)""></div><div class = Button5><input type=""button"" id = ""button5"" value=""5"" onClick = ""pressSubmit(5, 81)""></div><div class = Button6><input type=""button"" id = ""button6"" value=""6"" onClick = ""pressSubmit(6, 81)""></div><div class = Button7><input type=""button"" id = ""button7"" value=""7"" onClick = ""pressSubmit(7, 81)""></div></div></div></div>","81","1394","21","7","grapenerds.bmp","","","","","","","","",""
"","2744","81","2744","-1","pre_task","poldrack-single-stim","24","114456","0.0-1.0-22.0","go_nogo","true","0","","<div class = bigBox><div class = pictureBox><img class='img.displayed' src='/static/experiments/gng_food/images/SourSkittles.bmp'></img></div><div class = sliderbox><div class = buttonBox><div class = Button1><input type=""button"" id = ""button1"" value=""1"" onClick = ""pressSubmit(1, 81)""></div><div class = Button2><input type=""button"" id = ""button2"" value=""2"" onClick = ""pressSubmit(2, 81)""></div><div class = Button3><input type=""button"" id = ""button3"" value=""3"" onClick = ""pressSubmit(3, 81)""></div><div class = Button4><input type=""button"" id = ""button4"" value=""4"" onClick = ""pressSubmit(4, 81)""></div><div class = Button5><input type=""button"" id = ""button5"" value=""5"" onClick = ""pressSubmit(5, 81)""></div><div class = Button6><input type=""button"" id = ""button6"" value=""6"" onClick = ""pressSubmit(6, 81)""></div><div class = Button7><input type=""button"" id = ""button7"" value=""7"" onClick = ""pressSubmit(7, 81)""></div></div></div></div>","81","2744","22","3","SourSkittles.bmp","","","","","","","","",""
"","3633","81","3633","-1","pre_task","poldrack-single-stim","25","118090","0.0-1.0-23.0","go_nogo","true","0","","<div class = bigBox><div class = pictureBox><img class='img.displayed' src='/static/experiments/gng_food/images/Lindt_small.bmp'></img></div><div class = sliderbox><div class = buttonBox><div class = Button1><input type=""button"" id = ""button1"" value=""1"" onClick = ""pressSubmit(1, 81)""></div><div class = Button2><input type=""button"" id = ""button2"" value=""2"" onClick = ""pressSubmit(2, 81)""></div><div class = Button3><input type=""button"" id = ""button3"" value=""3"" onClick = ""pressSubmit(3, 81)""></div><div class = Button4><input type=""button"" id = ""button4"" value=""4"" onClick = ""pressSubmit(4, 81)""></div><div class = Button5><input type=""button"" id = ""button5"" value=""5"" onClick = ""pressSubmit(5, 81)""></div><div class = Button6><input type=""button"" id = ""button6"" value=""6"" onClick = ""pressSubmit(6, 81)""></div><div class = Button7><input type=""button"" id = ""button7"" value=""7"" onClick = ""pressSubmit(7, 81)""></div></div></div></div>","81","3633","23","5","Lindt_small.bmp","","","","","","","","",""
"","1416","81","1416","-1","pre_task","poldrack-single-stim","26","119508","0.0-1.0-24.0","go_nogo","true","0","","<div class = bigBox><div class = pictureBox><img class='img.displayed' src='/static/experiments/gng_food/images/Crunch.bmp'></img></div><div class = sliderbox><div class = buttonBox><div class = Button1><input type=""button"" id = ""button1"" value=""1"" onClick = ""pressSubmit(1, 81)""></div><div class = Button2><input type=""button"" id = ""button2"" value=""2"" onClick = ""pressSubmit(2, 81)""></div><div class = Button3><input type=""button"" id = ""button3"" value=""3"" onClick = ""pressSubmit(3, 81)""></div><div class = Button4><input type=""button"" id = ""button4"" value=""4"" onClick = ""pressSubmit(4, 81)""></div><div class = Button5><input type=""button"" id = ""button5"" value=""5"" onClick = ""pressSubmit(5, 81)""></div><div class = Button6><input type=""button"" id = ""button6"" value=""6"" onClick = ""pressSubmit(6, 81)""></div><div class = Button7><input type=""button"" id = ""button7"" value=""7"" onClick = ""pressSubmit(7, 81)""></div></div></div></div>","81","1416","24","6","Crunch.bmp","","","","","","","","",""
"","1833","81","1833","-1","pre_task","poldrack-single-stim","27","121341","0.0-1.0-25.0","go_nogo","true","0","","<div class = bigBox><div class = pictureBox><img class='img.displayed' src='/static/experiments/gng_food/images/MrsFields.bmp'></img></div><div class = sliderbox><div class = buttonBox><div class = Button1><input type=""button"" id = ""button1"" value=""1"" onClick = ""pressSubmit(1, 81)""></div><div class = Button2><input type=""button"" id = ""button2"" value=""2"" onClick = ""pressSubmit(2, 81)""></div><div class = Button3><input type=""button"" id = ""button3"" value=""3"" onClick = ""pressSubmit(3, 81)""></div><div class = Button4><input type=""button"" id = ""button4"" value=""4"" onClick = ""pressSubmit(4, 81)""></div><div class = Button5><input type=""button"" id = ""button5"" value=""5"" onClick = ""pressSubmit(5, 81)""></div><div class = Button6><input type=""button"" id = ""button6"" value=""6"" onClick = ""pressSubmit(6, 81)""></div><div class = Button7><input type=""button"" id = ""button7"" value=""7"" onClick = ""pressSubmit(7, 81)""></div></div></div></div>","81","1833","25","5","MrsFields.bmp","","","","","","","","",""
"","2620","81","2620","-1","pre_task","poldrack-single-stim","28","123963","0.0-1.0-26.0","go_nogo","true","0","","<div class = bigBox><div class = pictureBox><img class='img.displayed' src='/static/experiments/gng_food/images/haagendaas.bmp'></img></div><div class = sliderbox><div class = buttonBox><div class = Button1><input type=""button"" id = ""button1"" value=""1"" onClick = ""pressSubmit(1, 81)""></div><div class = Button2><input type=""button"" id = ""button2"" value=""2"" onClick = ""pressSubmit(2, 81)""></div><div class = Button3><input type=""button"" id = ""button3"" value=""3"" onClick = ""pressSubmit(3, 81)""></div><div class = Button4><input type=""button"" id = ""button4"" value=""4"" onClick = ""pressSubmit(4, 81)""></div><div class = Button5><input type=""button"" id = ""button5"" value=""5"" onClick = ""pressSubmit(5, 81)""></div><div class = Button6><input type=""button"" id = ""button6"" value=""6"" onClick = ""pressSubmit(6, 81)""></div><div class = Button7><input type=""button"" id = ""button7"" value=""7"" onClick = ""pressSubmit(7, 81)""></div></div></div></div>","81","2620","26","3","haagendaas.bmp","","","","","","","","",""
"","4274","81","4274","-1","pre_task","poldrack-single-stim","29","128238","0.0-1.0-27.0","go_nogo","true","0","","<div class = bigBox><div class = pictureBox><img class='img.displayed' src='/static/experiments/gng_food/images/ApplePie.bmp'></img></div><div class = sliderbox><div class = buttonBox><div class = Button1><input type=""button"" id = ""button1"" value=""1"" onClick = ""pressSubmit(1, 81)""></div><div class = Button2><input type=""button"" id = ""button2"" value=""2"" onClick = ""pressSubmit(2, 81)""></div><div class = Button3><input type=""button"" id = ""button3"" value=""3"" onClick = ""pressSubmit(3, 81)""></div><div class = Button4><input type=""button"" id = ""button4"" value=""4"" onClick = ""pressSubmit(4, 81)""></div><div class = Button5><input type=""button"" id = ""button5"" value=""5"" onClick = ""pressSubmit(5, 81)""></div><div class = Button6><input type=""button"" id = ""button6"" value=""6"" onClick = ""pressSubmit(6, 81)""></div><div class = Button7><input type=""button"" id = ""button7"" value=""7"" onClick = ""pressSubmit(7, 81)""></div></div></div></div>","81","4274","27","1","ApplePie.bmp","","","","","","","","",""
"","1776","81","1776","-1","pre_task","poldrack-single-stim","30","130015","0.0-1.0-28.0","go_nogo","true","0","","<div class = bigBox><div class = pictureBox><img class='img.displayed' src='/static/experiments/gng_food/images/cellery.bmp'></img></div><div class = sliderbox><div class = buttonBox><div class = Button1><input type=""button"" id = ""button1"" value=""1"" onClick = ""pressSubmit(1, 81)""></div><div class = Button2><input type=""button"" id = ""button2"" value=""2"" onClick = ""pressSubmit(2, 81)""></div><div class = Button3><input type=""button"" id = ""button3"" value=""3"" onClick = ""pressSubmit(3, 81)""></div><div class = Button4><input type=""button"" id = ""button4"" value=""4"" onClick = ""pressSubmit(4, 81)""></div><div class = Button5><input type=""button"" id = ""button5"" value=""5"" onClick = ""pressSubmit(5, 81)""></div><div class = Button6><input type=""button"" id = ""button6"" value=""6"" onClick = ""pressSubmit(6, 81)""></div><div class = Button7><input type=""button"" id = ""button7"" value=""7"" onClick = ""pressSubmit(7, 81)""></div></div></div></div>","81","1776","28","3","cellery.bmp","","","","","","","","",""
"","3273","81","3273","-1","pre_task","poldrack-single-stim","31","133289","0.0-1.0-29.0","go_nogo","true","0","","<div class = bigBox><div class = pictureBox><img class='img.displayed' src='/static/experiments/gng_food/images/Cheese_PeanutButterCrackers.bmp'></img></div><div class = sliderbox><div class = buttonBox><div class = Button1><input type=""button"" id = ""button1"" value=""1"" onClick = ""pressSubmit(1, 81)""></div><div class = Button2><input type=""button"" id = ""button2"" value=""2"" onClick = ""pressSubmit(2, 81)""></div><div class = Button3><input type=""button"" id = ""button3"" value=""3"" onClick = ""pressSubmit(3, 81)""></div><div class = Button4><input type=""button"" id = ""button4"" value=""4"" onClick = ""pressSubmit(4, 81)""></div><div class = Button5><input type=""button"" id = ""button5"" value=""5"" onClick = ""pressSubmit(5, 81)""></div><div class = Button6><input type=""button"" id = ""button6"" value=""6"" onClick = ""pressSubmit(6, 81)""></div><div class = Button7><input type=""button"" id = ""button7"" value=""7"" onClick = ""pressSubmit(7, 81)""></div></div></div></div>","81","3273","29","2","Cheese_PeanutButterCrackers.bmp","","","","","","","","",""
"","1709","81","1709","-1","pre_task","poldrack-single-stim","32","134999","0.0-1.0-30.0","go_nogo","true","0","","<div class = bigBox><div class = pictureBox><img class='img.displayed' src='/static/experiments/gng_food/images/bbqgoldfish.bmp'></img></div><div class = sliderbox><div class = buttonBox><div class = Button1><input type=""button"" id = ""button1"" value=""1"" onClick = ""pressSubmit(1, 81)""></div><div class = Button2><input type=""button"" id = ""button2"" value=""2"" onClick = ""pressSubmit(2, 81)""></div><div class = Button3><input type=""button"" id = ""button3"" value=""3"" onClick = ""pressSubmit(3, 81)""></div><div class = Button4><input type=""button"" id = ""button4"" value=""4"" onClick = ""pressSubmit(4, 81)""></div><div class = Button5><input type=""button"" id = ""button5"" value=""5"" onClick = ""pressSubmit(5, 81)""></div><div class = Button6><input type=""button"" id = ""button6"" value=""6"" onClick = ""pressSubmit(6, 81)""></div><div class = Button7><input type=""button"" id = ""button7"" value=""7"" onClick = ""pressSubmit(7, 81)""></div></div></div></div>","81","1709","30","3","bbqgoldfish.bmp","","","","","","","","",""
"","1933","81","1933","-1","pre_task","poldrack-single-stim","33","136934","0.0-1.0-31.0","go_nogo","true","0","","<div class = bigBox><div class = pictureBox><img class='img.displayed' src='/static/experiments/gng_food/images/HoHo.bmp'></img></div><div class = sliderbox><div class = buttonBox><div class = Button1><input type=""button"" id = ""button1"" value=""1"" onClick = ""pressSubmit(1, 81)""></div><div class = Button2><input type=""button"" id = ""button2"" value=""2"" onClick = ""pressSubmit(2, 81)""></div><div class = Button3><input type=""button"" id = ""button3"" value=""3"" onClick = ""pressSubmit(3, 81)""></div><div class = Button4><input type=""button"" id = ""button4"" value=""4"" onClick = ""pressSubmit(4, 81)""></div><div class = Button5><input type=""button"" id = ""button5"" value=""5"" onClick = ""pressSubmit(5, 81)""></div><div class = Button6><input type=""button"" id = ""button6"" value=""6"" onClick = ""pressSubmit(6, 81)""></div><div class = Button7><input type=""button"" id = ""button7"" value=""7"" onClick = ""pressSubmit(7, 81)""></div></div></div></div>","81","1933","31","5","HoHo.bmp","","","","","","","","",""
"","3262","81","3262","-1","pre_task","poldrack-single-stim","34","140197","0.0-1.0-32.0","go_nogo","true","0","","<div class = bigBox><div class = pictureBox><img class='img.displayed' src='/static/experiments/gng_food/images/icecreamsandwich.bmp'></img></div><div class = sliderbox><div class = buttonBox><div class = Button1><input type=""button"" id = ""button1"" value=""1"" onClick = ""pressSubmit(1, 81)""></div><div class = Button2><input type=""button"" id = ""button2"" value=""2"" onClick = ""pressSubmit(2, 81)""></div><div class = Button3><input type=""button"" id = ""button3"" value=""3"" onClick = ""pressSubmit(3, 81)""></div><div class = Button4><input type=""button"" id = ""button4"" value=""4"" onClick = ""pressSubmit(4, 81)""></div><div class = Button5><input type=""button"" id = ""button5"" value=""5"" onClick = ""pressSubmit(5, 81)""></div><div class = Button6><input type=""button"" id = ""button6"" value=""6"" onClick = ""pressSubmit(6, 81)""></div><div class = Button7><input type=""button"" id = ""button7"" value=""7"" onClick = ""pressSubmit(7, 81)""></div></div></div></div>","81","3262","32","3","icecreamsandwich.bmp","","","","","","","","",""
"","1866","81","1866","-1","pre_task","poldrack-single-stim","35","142064","0.0-1.0-33.0","go_nogo","true","0","","<div class = bigBox><div class = pictureBox><img class='img.displayed' src='/static/experiments/gng_food/images/Ghiradelli_milk_Almonds.bmp'></img></div><div class = sliderbox><div class = buttonBox><div class = Button1><input type=""button"" id = ""button1"" value=""1"" onClick = ""pressSubmit(1, 81)""></div><div class = Button2><input type=""button"" id = ""button2"" value=""2"" onClick = ""pressSubmit(2, 81)""></div><div class = Button3><input type=""button"" id = ""button3"" value=""3"" onClick = ""pressSubmit(3, 81)""></div><div class = Button4><input type=""button"" id = ""button4"" value=""4"" onClick = ""pressSubmit(4, 81)""></div><div class = Button5><input type=""button"" id = ""button5"" value=""5"" onClick = ""pressSubmit(5, 81)""></div><div class = Button6><input type=""button"" id = ""button6"" value=""6"" onClick = ""pressSubmit(6, 81)""></div><div class = Button7><input type=""button"" id = ""button7"" value=""7"" onClick = ""pressSubmit(7, 81)""></div></div></div></div>","81","1866","33","6","Ghiradelli_milk_Almonds.bmp","","","","","","","","",""
"","2327","81","2327","-1","pre_task","poldrack-single-stim","36","144393","0.0-1.0-34.0","go_nogo","true","0","","<div class = bigBox><div class = pictureBox><img class='img.displayed' src='/static/experiments/gng_food/images/PopTartsStrawberry.bmp'></img></div><div class = sliderbox><div class = buttonBox><div class = Button1><input type=""button"" id = ""button1"" value=""1"" onClick = ""pressSubmit(1, 81)""></div><div class = Button2><input type=""button"" id = ""button2"" value=""2"" onClick = ""pressSubmit(2, 81)""></div><div class = Button3><input type=""button"" id = ""button3"" value=""3"" onClick = ""pressSubmit(3, 81)""></div><div class = Button4><input type=""button"" id = ""button4"" value=""4"" onClick = ""pressSubmit(4, 81)""></div><div class = Button5><input type=""button"" id = ""button5"" value=""5"" onClick = ""pressSubmit(5, 81)""></div><div class = Button6><input type=""button"" id = ""button6"" value=""6"" onClick = ""pressSubmit(6, 81)""></div><div class = Button7><input type=""button"" id = ""button7"" value=""7"" onClick = ""pressSubmit(7, 81)""></div></div></div></div>","81","2327","34","3","PopTartsStrawberry.bmp","","","","","","","","",""
"","2238","81","2238","-1","pre_task","poldrack-single-stim","37","146632","0.0-1.0-35.0","go_nogo","true","0","","<div class = bigBox><div class = pictureBox><img class='img.displayed' src='/static/experiments/gng_food/images/CherryPie.bmp'></img></div><div class = sliderbox><div class = buttonBox><div class = Button1><input type=""button"" id = ""button1"" value=""1"" onClick = ""pressSubmit(1, 81)""></div><div class = Button2><input type=""button"" id = ""button2"" value=""2"" onClick = ""pressSubmit(2, 81)""></div><div class = Button3><input type=""button"" id = ""button3"" value=""3"" onClick = ""pressSubmit(3, 81)""></div><div class = Button4><input type=""button"" id = ""button4"" value=""4"" onClick = ""pressSubmit(4, 81)""></div><div class = Button5><input type=""button"" id = ""button5"" value=""5"" onClick = ""pressSubmit(5, 81)""></div><div class = Button6><input type=""button"" id = ""button6"" value=""6"" onClick = ""pressSubmit(6, 81)""></div><div class = Button7><input type=""button"" id = ""button7"" value=""7"" onClick = ""pressSubmit(7, 81)""></div></div></div></div>","81","2238","35","1","CherryPie.bmp","","","","","","","","",""
"","1934","81","1934","-1","pre_task","poldrack-single-stim","38","148567","0.0-1.0-36.0","go_nogo","true","0","","<div class = bigBox><div class = pictureBox><img class='img.displayed' src='/static/experiments/gng_food/images/Fritos.bmp'></img></div><div class = sliderbox><div class = buttonBox><div class = Button1><input type=""button"" id = ""button1"" value=""1"" onClick = ""pressSubmit(1, 81)""></div><div class = Button2><input type=""button"" id = ""button2"" value=""2"" onClick = ""pressSubmit(2, 81)""></div><div class = Button3><input type=""button"" id = ""button3"" value=""3"" onClick = ""pressSubmit(3, 81)""></div><div class = Button4><input type=""button"" id = ""button4"" value=""4"" onClick = ""pressSubmit(4, 81)""></div><div class = Button5><input type=""button"" id = ""button5"" value=""5"" onClick = ""pressSubmit(5, 81)""></div><div class = Button6><input type=""button"" id = ""button6"" value=""6"" onClick = ""pressSubmit(6, 81)""></div><div class = Button7><input type=""button"" id = ""button7"" value=""7"" onClick = ""pressSubmit(7, 81)""></div></div></div></div>","81","1934","36","7","Fritos.bmp","","","","","","","","",""
"","1787","81","1787","-1","pre_task","poldrack-single-stim","39","150355","0.0-1.0-37.0","go_nogo","true","0","","<div class = bigBox><div class = pictureBox><img class='img.displayed' src='/static/experiments/gng_food/images/hersheymilk_several.bmp'></img></div><div class = sliderbox><div class = buttonBox><div class = Button1><input type=""button"" id = ""button1"" value=""1"" onClick = ""pressSubmit(1, 81)""></div><div class = Button2><input type=""button"" id = ""button2"" value=""2"" onClick = ""pressSubmit(2, 81)""></div><div class = Button3><input type=""button"" id = ""button3"" value=""3"" onClick = ""pressSubmit(3, 81)""></div><div class = Button4><input type=""button"" id = ""button4"" value=""4"" onClick = ""pressSubmit(4, 81)""></div><div class = Button5><input type=""button"" id = ""button5"" value=""5"" onClick = ""pressSubmit(5, 81)""></div><div class = Button6><input type=""button"" id = ""button6"" value=""6"" onClick = ""pressSubmit(6, 81)""></div><div class = Button7><input type=""button"" id = ""button7"" value=""7"" onClick = ""pressSubmit(7, 81)""></div></div></div></div>","81","1787","37","6","hersheymilk_several.bmp","","","","","","","","",""
"","3104","81","3104","-1","pre_task","poldrack-single-stim","40","153460","0.0-1.0-38.0","go_nogo","true","0","","<div class = bigBox><div class = pictureBox><img class='img.displayed' src='/static/experiments/gng_food/images/Goldfish.bmp'></img></div><div class = sliderbox><div class = buttonBox><div class = Button1><input type=""button"" id = ""button1"" value=""1"" onClick = ""pressSubmit(1, 81)""></div><div class = Button2><input type=""button"" id = ""button2"" value=""2"" onClick = ""pressSubmit(2, 81)""></div><div class = Button3><input type=""button"" id = ""button3"" value=""3"" onClick = ""pressSubmit(3, 81)""></div><div class = Button4><input type=""button"" id = ""button4"" value=""4"" onClick = ""pressSubmit(4, 81)""></div><div class = Button5><input type=""button"" id = ""button5"" value=""5"" onClick = ""pressSubmit(5, 81)""></div><div class = Button6><input type=""button"" id = ""button6"" value=""6"" onClick = ""pressSubmit(6, 81)""></div><div class = Button7><input type=""button"" id = ""button7"" value=""7"" onClick = ""pressSubmit(7, 81)""></div></div></div></div>","81","3104","38","3","Goldfish.bmp","","","","","","","","",""
"","2710","81","2710","-1","pre_task","poldrack-single-stim","41","156171","0.0-1.0-39.0","go_nogo","true","0","","<div class = bigBox><div class = pictureBox><img class='img.displayed' src='/static/experiments/gng_food/images/slimjim.bmp'></img></div><div class = sliderbox><div class = buttonBox><div class = Button1><input type=""button"" id = ""button1"" value=""1"" onClick = ""pressSubmit(1, 81)""></div><div class = Button2><input type=""button"" id = ""button2"" value=""2"" onClick = ""pressSubmit(2, 81)""></div><div class = Button3><input type=""button"" id = ""button3"" value=""3"" onClick = ""pressSubmit(3, 81)""></div><div class = Button4><input type=""button"" id = ""button4"" value=""4"" onClick = ""pressSubmit(4, 81)""></div><div class = Button5><input type=""button"" id = ""button5"" value=""5"" onClick = ""pressSubmit(5, 81)""></div><div class = Button6><input type=""button"" id = ""button6"" value=""6"" onClick = ""pressSubmit(6, 81)""></div><div class = Button7><input type=""button"" id = ""button7"" value=""7"" onClick = ""pressSubmit(7, 81)""></div></div></div></div>","81","2710","39","2","slimjim.bmp","","","","","","","","",""
"","5995","81","5995","-1","pre_task","poldrack-single-stim","42","162168","0.0-1.0-40.0","go_nogo","true","0","","<div class = bigBox><div class = pictureBox><img class='img.displayed' src='/static/experiments/gng_food/images/banana.bmp'></img></div><div class = sliderbox><div class = buttonBox><div class = Button1><input type=""button"" id = ""button1"" value=""1"" onClick = ""pressSubmit(1, 81)""></div><div class = Button2><input type=""button"" id = ""button2"" value=""2"" onClick = ""pressSubmit(2, 81)""></div><div class = Button3><input type=""button"" id = ""button3"" value=""3"" onClick = ""pressSubmit(3, 81)""></div><div class = Button4><input type=""button"" id = ""button4"" value=""4"" onClick = ""pressSubmit(4, 81)""></div><div class = Button5><input type=""button"" id = ""button5"" value=""5"" onClick = ""pressSubmit(5, 81)""></div><div class = Button6><input type=""button"" id = ""button6"" value=""6"" onClick = ""pressSubmit(6, 81)""></div><div class = Button7><input type=""button"" id = ""button7"" value=""7"" onClick = ""pressSubmit(7, 81)""></div></div></div></div>","81","5995","40","6","banana.bmp","","","","","","","","",""
"","2846","81","2846","-1","pre_task","poldrack-single-stim","43","165014","0.0-1.0-41.0","go_nogo","true","0","","<div class = bigBox><div class = pictureBox><img class='img.displayed' src='/static/experiments/gng_food/images/hundredgrand_small.bmp'></img></div><div class = sliderbox><div class = buttonBox><div class = Button1><input type=""button"" id = ""button1"" value=""1"" onClick = ""pressSubmit(1, 81)""></div><div class = Button2><input type=""button"" id = ""button2"" value=""2"" onClick = ""pressSubmit(2, 81)""></div><div class = Button3><input type=""button"" id = ""button3"" value=""3"" onClick = ""pressSubmit(3, 81)""></div><div class = Button4><input type=""button"" id = ""button4"" value=""4"" onClick = ""pressSubmit(4, 81)""></div><div class = Button5><input type=""button"" id = ""button5"" value=""5"" onClick = ""pressSubmit(5, 81)""></div><div class = Button6><input type=""button"" id = ""button6"" value=""6"" onClick = ""pressSubmit(6, 81)""></div><div class = Button7><input type=""button"" id = ""button7"" value=""7"" onClick = ""pressSubmit(7, 81)""></div></div></div></div>","81","2846","41","4","hundredgrand_small.bmp","","","","","","","","",""
"","2024","81","2024","-1","pre_task","poldrack-single-stim","44","167039","0.0-1.0-42.0","go_nogo","true","0","","<div class = bigBox><div class = pictureBox><img class='img.displayed' src='/static/experiments/gng_food/images/Pringles.bmp'></img></div><div class = sliderbox><div class = buttonBox><div class = Button1><input type=""button"" id = ""button1"" value=""1"" onClick = ""pressSubmit(1, 81)""></div><div class = Button2><input type=""button"" id = ""button2"" value=""2"" onClick = ""pressSubmit(2, 81)""></div><div class = Button3><input type=""button"" id = ""button3"" value=""3"" onClick = ""pressSubmit(3, 81)""></div><div class = Button4><input type=""button"" id = ""button4"" value=""4"" onClick = ""pressSubmit(4, 81)""></div><div class = Button5><input type=""button"" id = ""button5"" value=""5"" onClick = ""pressSubmit(5, 81)""></div><div class = Button6><input type=""button"" id = ""button6"" value=""6"" onClick = ""pressSubmit(6, 81)""></div><div class = Button7><input type=""button"" id = ""button7"" value=""7"" onClick = ""pressSubmit(7, 81)""></div></div></div></div>","81","2024","42","6","Pringles.bmp","","","","","","","","",""
"","1765","81","1765","-1","pre_task","poldrack-single-stim","45","168806","0.0-1.0-43.0","go_nogo","true","0","","<div class = bigBox><div class = pictureBox><img class='img.displayed' src='/static/experiments/gng_food/images/PopTartsCinnamon.bmp'></img></div><div class = sliderbox><div class = buttonBox><div class = Button1><input type=""button"" id = ""button1"" value=""1"" onClick = ""pressSubmit(1, 81)""></div><div class = Button2><input type=""button"" id = ""button2"" value=""2"" onClick = ""pressSubmit(2, 81)""></div><div class = Button3><input type=""button"" id = ""button3"" value=""3"" onClick = ""pressSubmit(3, 81)""></div><div class = Button4><input type=""button"" id = ""button4"" value=""4"" onClick = ""pressSubmit(4, 81)""></div><div class = Button5><input type=""button"" id = ""button5"" value=""5"" onClick = ""pressSubmit(5, 81)""></div><div class = Button6><input type=""button"" id = ""button6"" value=""6"" onClick = ""pressSubmit(6, 81)""></div><div class = Button7><input type=""button"" id = ""button7"" value=""7"" onClick = ""pressSubmit(7, 81)""></div></div></div></div>","81","1765","43","3","PopTartsCinnamon.bmp","","","","","","","","",""
"","3464","81","3464","-1","pre_task","poldrack-single-stim","46","172271","0.0-1.0-44.0","go_nogo","true","0","","<div class = bigBox><div class = pictureBox><img class='img.displayed' src='/static/experiments/gng_food/images/Oreos.bmp'></img></div><div class = sliderbox><div class = buttonBox><div class = Button1><input type=""button"" id = ""button1"" value=""1"" onClick = ""pressSubmit(1, 81)""></div><div class = Button2><input type=""button"" id = ""button2"" value=""2"" onClick = ""pressSubmit(2, 81)""></div><div class = Button3><input type=""button"" id = ""button3"" value=""3"" onClick = ""pressSubmit(3, 81)""></div><div class = Button4><input type=""button"" id = ""button4"" value=""4"" onClick = ""pressSubmit(4, 81)""></div><div class = Button5><input type=""button"" id = ""button5"" value=""5"" onClick = ""pressSubmit(5, 81)""></div><div class = Button6><input type=""button"" id = ""button6"" value=""6"" onClick = ""pressSubmit(6, 81)""></div><div class = Button7><input type=""button"" id = ""button7"" value=""7"" onClick = ""pressSubmit(7, 81)""></div></div></div></div>","81","3464","44","6","Oreos.bmp","","","","","","","","",""
"","1259","81","1259","-1","pre_task","poldrack-single-stim","47","173530","0.0-1.0-45.0","go_nogo","true","0","","<div class = bigBox><div class = pictureBox><img class='img.displayed' src='/static/experiments/gng_food/images/reddelicious.bmp'></img></div><div class = sliderbox><div class = buttonBox><div class = Button1><input type=""button"" id = ""button1"" value=""1"" onClick = ""pressSubmit(1, 81)""></div><div class = Button2><input type=""button"" id = ""button2"" value=""2"" onClick = ""pressSubmit(2, 81)""></div><div class = Button3><input type=""button"" id = ""button3"" value=""3"" onClick = ""pressSubmit(3, 81)""></div><div class = Button4><input type=""button"" id = ""button4"" value=""4"" onClick = ""pressSubmit(4, 81)""></div><div class = Button5><input type=""button"" id = ""button5"" value=""5"" onClick = ""pressSubmit(5, 81)""></div><div class = Button6><input type=""button"" id = ""button6"" value=""6"" onClick = ""pressSubmit(6, 81)""></div><div class = Button7><input type=""button"" id = ""button7"" value=""7"" onClick = ""pressSubmit(7, 81)""></div></div></div></div>","81","1259","45","5","reddelicious.bmp","","","","","","","","",""
"","2283","81","2283","-1","pre_task","poldrack-single-stim","48","175814","0.0-1.0-46.0","go_nogo","true","0","","<div class = bigBox><div class = pictureBox><img class='img.displayed' src='/static/experiments/gng_food/images/hersheykisses.bmp'></img></div><div class = sliderbox><div class = buttonBox><div class = Button1><input type=""button"" id = ""button1"" value=""1"" onClick = ""pressSubmit(1, 81)""></div><div class = Button2><input type=""button"" id = ""button2"" value=""2"" onClick = ""pressSubmit(2, 81)""></div><div class = Button3><input type=""button"" id = ""button3"" value=""3"" onClick = ""pressSubmit(3, 81)""></div><div class = Button4><input type=""button"" id = ""button4"" value=""4"" onClick = ""pressSubmit(4, 81)""></div><div class = Button5><input type=""button"" id = ""button5"" value=""5"" onClick = ""pressSubmit(5, 81)""></div><div class = Button6><input type=""button"" id = ""button6"" value=""6"" onClick = ""pressSubmit(6, 81)""></div><div class = Button7><input type=""button"" id = ""button7"" value=""7"" onClick = ""pressSubmit(7, 81)""></div></div></div></div>","81","2283","46","6","hersheykisses.bmp","","","","","","","","",""
"","1394","81","1394","-1","pre_task","poldrack-single-stim","49","177210","0.0-1.0-47.0","go_nogo","true","0","","<div class = bigBox><div class = pictureBox><img class='img.displayed' src='/static/experiments/gng_food/images/snickers.bmp'></img></div><div class = sliderbox><div class = buttonBox><div class = Button1><input type=""button"" id = ""button1"" value=""1"" onClick = ""pressSubmit(1, 81)""></div><div class = Button2><input type=""button"" id = ""button2"" value=""2"" onClick = ""pressSubmit(2, 81)""></div><div class = Button3><input type=""button"" id = ""button3"" value=""3"" onClick = ""pressSubmit(3, 81)""></div><div class = Button4><input type=""button"" id = ""button4"" value=""4"" onClick = ""pressSubmit(4, 81)""></div><div class = Button5><input type=""button"" id = ""button5"" value=""5"" onClick = ""pressSubmit(5, 81)""></div><div class = Button6><input type=""button"" id = ""button6"" value=""6"" onClick = ""pressSubmit(6, 81)""></div><div class = Button7><input type=""button"" id = ""button7"" value=""7"" onClick = ""pressSubmit(7, 81)""></div></div></div></div>","81","1394","47","6","snickers.bmp","","","","","","","","",""
"","1191","81","1191","-1","pre_task","poldrack-single-stim","50","178402","0.0-1.0-48.0","go_nogo","true","0","","<div class = bigBox><div class = pictureBox><img class='img.displayed' src='/static/experiments/gng_food/images/FrootLoops.bmp'></img></div><div class = sliderbox><div class = buttonBox><div class = Button1><input type=""button"" id = ""button1"" value=""1"" onClick = ""pressSubmit(1, 81)""></div><div class = Button2><input type=""button"" id = ""button2"" value=""2"" onClick = ""pressSubmit(2, 81)""></div><div class = Button3><input type=""button"" id = ""button3"" value=""3"" onClick = ""pressSubmit(3, 81)""></div><div class = Button4><input type=""button"" id = ""button4"" value=""4"" onClick = ""pressSubmit(4, 81)""></div><div class = Button5><input type=""button"" id = ""button5"" value=""5"" onClick = ""pressSubmit(5, 81)""></div><div class = Button6><input type=""button"" id = ""button6"" value=""6"" onClick = ""pressSubmit(6, 81)""></div><div class = Button7><input type=""button"" id = ""button7"" value=""7"" onClick = ""pressSubmit(7, 81)""></div></div></div></div>","81","1191","48","6","FrootLoops.bmp","","","","","","","","",""
"","1675","81","1675","-1","pre_task","poldrack-single-stim","51","180078","0.0-1.0-49.0","go_nogo","true","0","","<div class = bigBox><div class = pictureBox><img class='img.displayed' src='/static/experiments/gng_food/images/orange.bmp'></img></div><div class = sliderbox><div class = buttonBox><div class = Button1><input type=""button"" id = ""button1"" value=""1"" onClick = ""pressSubmit(1, 81)""></div><div class = Button2><input type=""button"" id = ""button2"" value=""2"" onClick = ""pressSubmit(2, 81)""></div><div class = Button3><input type=""button"" id = ""button3"" value=""3"" onClick = ""pressSubmit(3, 81)""></div><div class = Button4><input type=""button"" id = ""button4"" value=""4"" onClick = ""pressSubmit(4, 81)""></div><div class = Button5><input type=""button"" id = ""button5"" value=""5"" onClick = ""pressSubmit(5, 81)""></div><div class = Button6><input type=""button"" id = ""button6"" value=""6"" onClick = ""pressSubmit(6, 81)""></div><div class = Button7><input type=""button"" id = ""button7"" value=""7"" onClick = ""pressSubmit(7, 81)""></div></div></div></div>","81","1675","49","6","orange.bmp","","","","","","","","",""
"","3566","81","3566","-1","pre_task","poldrack-single-stim","52","183644","0.0-1.0-50.0","go_nogo","true","0","","<div class = bigBox><div class = pictureBox><img class='img.displayed' src='/static/experiments/gng_food/images/Cheetos.bmp'></img></div><div class = sliderbox><div class = buttonBox><div class = Button1><input type=""button"" id = ""button1"" value=""1"" onClick = ""pressSubmit(1, 81)""></div><div class = Button2><input type=""button"" id = ""button2"" value=""2"" onClick = ""pressSubmit(2, 81)""></div><div class = Button3><input type=""button"" id = ""button3"" value=""3"" onClick = ""pressSubmit(3, 81)""></div><div class = Button4><input type=""button"" id = ""button4"" value=""4"" onClick = ""pressSubmit(4, 81)""></div><div class = Button5><input type=""button"" id = ""button5"" value=""5"" onClick = ""pressSubmit(5, 81)""></div><div class = Button6><input type=""button"" id = ""button6"" value=""6"" onClick = ""pressSubmit(6, 81)""></div><div class = Button7><input type=""button"" id = ""button7"" value=""7"" onClick = ""pressSubmit(7, 81)""></div></div></div></div>","81","3566","50","5","Cheetos.bmp","","","","","","","","",""
"","1900","81","1900","-1","pre_task","poldrack-single-stim","53","185546","0.0-1.0-51.0","go_nogo","true","0","","<div class = bigBox><div class = pictureBox><img class='img.displayed' src='/static/experiments/gng_food/images/starburst.bmp'></img></div><div class = sliderbox><div class = buttonBox><div class = Button1><input type=""button"" id = ""button1"" value=""1"" onClick = ""pressSubmit(1, 81)""></div><div class = Button2><input type=""button"" id = ""button2"" value=""2"" onClick = ""pressSubmit(2, 81)""></div><div class = Button3><input type=""button"" id = ""button3"" value=""3"" onClick = ""pressSubmit(3, 81)""></div><div class = Button4><input type=""button"" id = ""button4"" value=""4"" onClick = ""pressSubmit(4, 81)""></div><div class = Button5><input type=""button"" id = ""button5"" value=""5"" onClick = ""pressSubmit(5, 81)""></div><div class = Button6><input type=""button"" id = ""button6"" value=""6"" onClick = ""pressSubmit(6, 81)""></div><div class = Button7><input type=""button"" id = ""button7"" value=""7"" onClick = ""pressSubmit(7, 81)""></div></div></div></div>","81","1900","51","5","starburst.bmp","","","","","","","","",""
"","1191","81","1191","-1","pre_task","poldrack-single-stim","54","186738","0.0-1.0-52.0","go_nogo","true","0","","<div class = bigBox><div class = pictureBox><img class='img.displayed' src='/static/experiments/gng_food/images/Cupcakes.bmp'></img></div><div class = sliderbox><div class = buttonBox><div class = Button1><input type=""button"" id = ""button1"" value=""1"" onClick = ""pressSubmit(1, 81)""></div><div class = Button2><input type=""button"" id = ""button2"" value=""2"" onClick = ""pressSubmit(2, 81)""></div><div class = Button3><input type=""button"" id = ""button3"" value=""3"" onClick = ""pressSubmit(3, 81)""></div><div class = Button4><input type=""button"" id = ""button4"" value=""4"" onClick = ""pressSubmit(4, 81)""></div><div class = Button5><input type=""button"" id = ""button5"" value=""5"" onClick = ""pressSubmit(5, 81)""></div><div class = Button6><input type=""button"" id = ""button6"" value=""6"" onClick = ""pressSubmit(6, 81)""></div><div class = Button7><input type=""button"" id = ""button7"" value=""7"" onClick = ""pressSubmit(7, 81)""></div></div></div></div>","81","1191","52","6","Cupcakes.bmp","","","","","","","","",""
"","1687","81","1687","-1","pre_task","poldrack-single-stim","55","188426","0.0-1.0-53.0","go_nogo","true","0","","<div class = bigBox><div class = pictureBox><img class='img.displayed' src='/static/experiments/gng_food/images/pringlescheezums.bmp'></img></div><div class = sliderbox><div class = buttonBox><div class = Button1><input type=""button"" id = ""button1"" value=""1"" onClick = ""pressSubmit(1, 81)""></div><div class = Button2><input type=""button"" id = ""button2"" value=""2"" onClick = ""pressSubmit(2, 81)""></div><div class = Button3><input type=""button"" id = ""button3"" value=""3"" onClick = ""pressSubmit(3, 81)""></div><div class = Button4><input type=""button"" id = ""button4"" value=""4"" onClick = ""pressSubmit(4, 81)""></div><div class = Button5><input type=""button"" id = ""button5"" value=""5"" onClick = ""pressSubmit(5, 81)""></div><div class = Button6><input type=""button"" id = ""button6"" value=""6"" onClick = ""pressSubmit(6, 81)""></div><div class = Button7><input type=""button"" id = ""button7"" value=""7"" onClick = ""pressSubmit(7, 81)""></div></div></div></div>","81","1687","53","5","pringlescheezums.bmp","","","","","","","","",""
"","1754","81","1754","-1","pre_task","poldrack-single-stim","56","190180","0.0-1.0-54.0","go_nogo","true","0","","<div class = bigBox><div class = pictureBox><img class='img.displayed' src='/static/experiments/gng_food/images/redvines_small.bmp'></img></div><div class = sliderbox><div class = buttonBox><div class = Button1><input type=""button"" id = ""button1"" value=""1"" onClick = ""pressSubmit(1, 81)""></div><div class = Button2><input type=""button"" id = ""button2"" value=""2"" onClick = ""pressSubmit(2, 81)""></div><div class = Button3><input type=""button"" id = ""button3"" value=""3"" onClick = ""pressSubmit(3, 81)""></div><div class = Button4><input type=""button"" id = ""button4"" value=""4"" onClick = ""pressSubmit(4, 81)""></div><div class = Button5><input type=""button"" id = ""button5"" value=""5"" onClick = ""pressSubmit(5, 81)""></div><div class = Button6><input type=""button"" id = ""button6"" value=""6"" onClick = ""pressSubmit(6, 81)""></div><div class = Button7><input type=""button"" id = ""button7"" value=""7"" onClick = ""pressSubmit(7, 81)""></div></div></div></div>","81","1754","54","3","redvines_small.bmp","","","","","","","","",""
"","2080","81","2080","-1","pre_task","poldrack-single-stim","57","192262","0.0-1.0-55.0","go_nogo","true","0","","<div class = bigBox><div class = pictureBox><img class='img.displayed' src='/static/experiments/gng_food/images/granolabar.bmp'></img></div><div class = sliderbox><div class = buttonBox><div class = Button1><input type=""button"" id = ""button1"" value=""1"" onClick = ""pressSubmit(1, 81)""></div><div class = Button2><input type=""button"" id = ""button2"" value=""2"" onClick = ""pressSubmit(2, 81)""></div><div class = Button3><input type=""button"" id = ""button3"" value=""3"" onClick = ""pressSubmit(3, 81)""></div><div class = Button4><input type=""button"" id = ""button4"" value=""4"" onClick = ""pressSubmit(4, 81)""></div><div class = Button5><input type=""button"" id = ""button5"" value=""5"" onClick = ""pressSubmit(5, 81)""></div><div class = Button6><input type=""button"" id = ""button6"" value=""6"" onClick = ""pressSubmit(6, 81)""></div><div class = Button7><input type=""button"" id = ""button7"" value=""7"" onClick = ""pressSubmit(7, 81)""></div></div></div></div>","81","2080","55","6","granolabar.bmp","","","","","","","","",""
"","2857","81","2857","-1","pre_task","poldrack-single-stim","58","195119","0.0-1.0-56.0","go_nogo","true","0","","<div class = bigBox><div class = pictureBox><img class='img.displayed' src='/static/experiments/gng_food/images/whitegrapes.bmp'></img></div><div class = sliderbox><div class = buttonBox><div class = Button1><input type=""button"" id = ""button1"" value=""1"" onClick = ""pressSubmit(1, 81)""></div><div class = Button2><input type=""button"" id = ""button2"" value=""2"" onClick = ""pressSubmit(2, 81)""></div><div class = Button3><input type=""button"" id = ""button3"" value=""3"" onClick = ""pressSubmit(3, 81)""></div><div class = Button4><input type=""button"" id = ""button4"" value=""4"" onClick = ""pressSubmit(4, 81)""></div><div class = Button5><input type=""button"" id = ""button5"" value=""5"" onClick = ""pressSubmit(5, 81)""></div><div class = Button6><input type=""button"" id = ""button6"" value=""6"" onClick = ""pressSubmit(6, 81)""></div><div class = Button7><input type=""button"" id = ""button7"" value=""7"" onClick = ""pressSubmit(7, 81)""></div></div></div></div>","81","2857","56","6","whitegrapes.bmp","","","","","","","","",""
"","2699","81","2699","-1","pre_task","poldrack-single-stim","59","197819","0.0-1.0-57.0","go_nogo","true","0","","<div class = bigBox><div class = pictureBox><img class='img.displayed' src='/static/experiments/gng_food/images/PringlesRed.bmp'></img></div><div class = sliderbox><div class = buttonBox><div class = Button1><input type=""button"" id = ""button1"" value=""1"" onClick = ""pressSubmit(1, 81)""></div><div class = Button2><input type=""button"" id = ""button2"" value=""2"" onClick = ""pressSubmit(2, 81)""></div><div class = Button3><input type=""button"" id = ""button3"" value=""3"" onClick = ""pressSubmit(3, 81)""></div><div class = Button4><input type=""button"" id = ""button4"" value=""4"" onClick = ""pressSubmit(4, 81)""></div><div class = Button5><input type=""button"" id = ""button5"" value=""5"" onClick = ""pressSubmit(5, 81)""></div><div class = Button6><input type=""button"" id = ""button6"" value=""6"" onClick = ""pressSubmit(6, 81)""></div><div class = Button7><input type=""button"" id = ""button7"" value=""7"" onClick = ""pressSubmit(7, 81)""></div></div></div></div>","81","2699","57","5","PringlesRed.bmp","","","","","","","","",""
"","3003","81","3003","-1","pre_task","poldrack-single-stim","60","200824","0.0-1.0-58.0","go_nogo","true","0","","<div class = bigBox><div class = pictureBox><img class='img.displayed' src='/static/experiments/gng_food/images/lollipopred.bmp'></img></div><div class = sliderbox><div class = buttonBox><div class = Button1><input type=""button"" id = ""button1"" value=""1"" onClick = ""pressSubmit(1, 81)""></div><div class = Button2><input type=""button"" id = ""button2"" value=""2"" onClick = ""pressSubmit(2, 81)""></div><div class = Button3><input type=""button"" id = ""button3"" value=""3"" onClick = ""pressSubmit(3, 81)""></div><div class = Button4><input type=""button"" id = ""button4"" value=""4"" onClick = ""pressSubmit(4, 81)""></div><div class = Button5><input type=""button"" id = ""button5"" value=""5"" onClick = ""pressSubmit(5, 81)""></div><div class = Button6><input type=""button"" id = ""button6"" value=""6"" onClick = ""pressSubmit(6, 81)""></div><div class = Button7><input type=""button"" id = ""button7"" value=""7"" onClick = ""pressSubmit(7, 81)""></div></div></div></div>","81","3003","58","5","lollipopred.bmp","","","","","","","","",""
"","2586","81","2586","-1","pre_task","poldrack-single-stim","61","203411","0.0-1.0-59.0","go_nogo","true","0","","<div class = bigBox><div class = pictureBox><img class='img.displayed' src='/static/experiments/gng_food/images/almondjoy.bmp'></img></div><div class = sliderbox><div class = buttonBox><div class = Button1><input type=""button"" id = ""button1"" value=""1"" onClick = ""pressSubmit(1, 81)""></div><div class = Button2><input type=""button"" id = ""button2"" value=""2"" onClick = ""pressSubmit(2, 81)""></div><div class = Button3><input type=""button"" id = ""button3"" value=""3"" onClick = ""pressSubmit(3, 81)""></div><div class = Button4><input type=""button"" id = ""button4"" value=""4"" onClick = ""pressSubmit(4, 81)""></div><div class = Button5><input type=""button"" id = ""button5"" value=""5"" onClick = ""pressSubmit(5, 81)""></div><div class = Button6><input type=""button"" id = ""button6"" value=""6"" onClick = ""pressSubmit(6, 81)""></div><div class = Button7><input type=""button"" id = ""button7"" value=""7"" onClick = ""pressSubmit(7, 81)""></div></div></div></div>","81","2586","59","1","almondjoy.bmp","","","","","","","","",""
"","1653","81","1653","-1","pre_task","poldrack-single-stim","62","205064","0.0-1.0-60.0","go_nogo","true","0","","<div class = bigBox><div class = pictureBox><img class='img.displayed' src='/static/experiments/gng_food/images/keeblerrainbow.bmp'></img></div><div class = sliderbox><div class = buttonBox><div class = Button1><input type=""button"" id = ""button1"" value=""1"" onClick = ""pressSubmit(1, 81)""></div><div class = Button2><input type=""button"" id = ""button2"" value=""2"" onClick = ""pressSubmit(2, 81)""></div><div class = Button3><input type=""button"" id = ""button3"" value=""3"" onClick = ""pressSubmit(3, 81)""></div><div class = Button4><input type=""button"" id = ""button4"" value=""4"" onClick = ""pressSubmit(4, 81)""></div><div class = Button5><input type=""button"" id = ""button5"" value=""5"" onClick = ""pressSubmit(5, 81)""></div><div class = Button6><input type=""button"" id = ""button6"" value=""6"" onClick = ""pressSubmit(6, 81)""></div><div class = Button7><input type=""button"" id = ""button7"" value=""7"" onClick = ""pressSubmit(7, 81)""></div></div></div></div>","81","1653","60","6","keeblerrainbow.bmp","","","","","","","","",""
"","2755","81","2755","-1","pre_task","poldrack-single-stim","63","207821","0.0-1.0-61.0","go_nogo","true","0","","<div class = bigBox><div class = pictureBox><img class='img.displayed' src='/static/experiments/gng_food/images/cookiencream.bmp'></img></div><div class = sliderbox><div class = buttonBox><div class = Button1><input type=""button"" id = ""button1"" value=""1"" onClick = ""pressSubmit(1, 81)""></div><div class = Button2><input type=""button"" id = ""button2"" value=""2"" onClick = ""pressSubmit(2, 81)""></div><div class = Button3><input type=""button"" id = ""button3"" value=""3"" onClick = ""pressSubmit(3, 81)""></div><div class = Button4><input type=""button"" id = ""button4"" value=""4"" onClick = ""pressSubmit(4, 81)""></div><div class = Button5><input type=""button"" id = ""button5"" value=""5"" onClick = ""pressSubmit(5, 81)""></div><div class = Button6><input type=""button"" id = ""button6"" value=""6"" onClick = ""pressSubmit(6, 81)""></div><div class = Button7><input type=""button"" id = ""button7"" value=""7"" onClick = ""pressSubmit(7, 81)""></div></div></div></div>","81","2755","61","6","cookiencream.bmp","","","","","","","","",""
"","4183","81","4183","-1","pre_task","poldrack-single-stim","64","212006","0.0-1.0-62.0","go_nogo","true","0","","<div class = bigBox><div class = pictureBox><img class='img.displayed' src='/static/experiments/gng_food/images/Funyuns_small.bmp'></img></div><div class = sliderbox><div class = buttonBox><div class = Button1><input type=""button"" id = ""button1"" value=""1"" onClick = ""pressSubmit(1, 81)""></div><div class = Button2><input type=""button"" id = ""button2"" value=""2"" onClick = ""pressSubmit(2, 81)""></div><div class = Button3><input type=""button"" id = ""button3"" value=""3"" onClick = ""pressSubmit(3, 81)""></div><div class = Button4><input type=""button"" id = ""button4"" value=""4"" onClick = ""pressSubmit(4, 81)""></div><div class = Button5><input type=""button"" id = ""button5"" value=""5"" onClick = ""pressSubmit(5, 81)""></div><div class = Button6><input type=""button"" id = ""button6"" value=""6"" onClick = ""pressSubmit(6, 81)""></div><div class = Button7><input type=""button"" id = ""button7"" value=""7"" onClick = ""pressSubmit(7, 81)""></div></div></div></div>","81","4183","62","4","Funyuns_small.bmp","","","","","","","","",""
"","2350","81","2350","-1","pre_task","poldrack-single-stim","65","214357","0.0-1.0-63.0","go_nogo","true","0","","<div class = bigBox><div class = pictureBox><img class='img.displayed' src='/static/experiments/gng_food/images/cherryicecream.bmp'></img></div><div class = sliderbox><div class = buttonBox><div class = Button1><input type=""button"" id = ""button1"" value=""1"" onClick = ""pressSubmit(1, 81)""></div><div class = Button2><input type=""button"" id = ""button2"" value=""2"" onClick = ""pressSubmit(2, 81)""></div><div class = Button3><input type=""button"" id = ""button3"" value=""3"" onClick = ""pressSubmit(3, 81)""></div><div class = Button4><input type=""button"" id = ""button4"" value=""4"" onClick = ""pressSubmit(4, 81)""></div><div class = Button5><input type=""button"" id = ""button5"" value=""5"" onClick = ""pressSubmit(5, 81)""></div><div class = Button6><input type=""button"" id = ""button6"" value=""6"" onClick = ""pressSubmit(6, 81)""></div><div class = Button7><input type=""button"" id = ""button7"" value=""7"" onClick = ""pressSubmit(7, 81)""></div></div></div></div>","81","2350","63","5","cherryicecream.bmp","","","","","","","","",""
"","1923","81","1923","-1","pre_task","poldrack-single-stim","66","216281","0.0-1.0-64.0","go_nogo","true","0","","<div class = bigBox><div class = pictureBox><img class='img.displayed' src='/static/experiments/gng_food/images/PayDay.bmp'></img></div><div class = sliderbox><div class = buttonBox><div class = Button1><input type=""button"" id = ""button1"" value=""1"" onClick = ""pressSubmit(1, 81)""></div><div class = Button2><input type=""button"" id = ""button2"" value=""2"" onClick = ""pressSubmit(2, 81)""></div><div class = Button3><input type=""button"" id = ""button3"" value=""3"" onClick = ""pressSubmit(3, 81)""></div><div class = Button4><input type=""button"" id = ""button4"" value=""4"" onClick = ""pressSubmit(4, 81)""></div><div class = Button5><input type=""button"" id = ""button5"" value=""5"" onClick = ""pressSubmit(5, 81)""></div><div class = Button6><input type=""button"" id = ""button6"" value=""6"" onClick = ""pressSubmit(6, 81)""></div><div class = Button7><input type=""button"" id = ""button7"" value=""7"" onClick = ""pressSubmit(7, 81)""></div></div></div></div>","81","1923","64","2","PayDay.bmp","","","","","","","","",""
"","4521","81","4521","-1","pre_task","poldrack-single-stim","67","220804","0.0-1.0-65.0","go_nogo","true","0","","<div class = bigBox><div class = pictureBox><img class='img.displayed' src='/static/experiments/gng_food/images/wwmuffin.bmp'></img></div><div class = sliderbox><div class = buttonBox><div class = Button1><input type=""button"" id = ""button1"" value=""1"" onClick = ""pressSubmit(1, 81)""></div><div class = Button2><input type=""button"" id = ""button2"" value=""2"" onClick = ""pressSubmit(2, 81)""></div><div class = Button3><input type=""button"" id = ""button3"" value=""3"" onClick = ""pressSubmit(3, 81)""></div><div class = Button4><input type=""button"" id = ""button4"" value=""4"" onClick = ""pressSubmit(4, 81)""></div><div class = Button5><input type=""button"" id = ""button5"" value=""5"" onClick = ""pressSubmit(5, 81)""></div><div class = Button6><input type=""button"" id = ""button6"" value=""6"" onClick = ""pressSubmit(6, 81)""></div><div class = Button7><input type=""button"" id = ""button7"" value=""7"" onClick = ""pressSubmit(7, 81)""></div></div></div></div>","81","4521","65","6","wwmuffin.bmp","","","","","","","","",""
"","1405","81","1405","-1","pre_task","poldrack-single-stim","68","222210","0.0-1.0-66.0","go_nogo","true","0","","<div class = bigBox><div class = pictureBox><img class='img.displayed' src='/static/experiments/gng_food/images/Reeses.bmp'></img></div><div class = sliderbox><div class = buttonBox><div class = Button1><input type=""button"" id = ""button1"" value=""1"" onClick = ""pressSubmit(1, 81)""></div><div class = Button2><input type=""button"" id = ""button2"" value=""2"" onClick = ""pressSubmit(2, 81)""></div><div class = Button3><input type=""button"" id = ""button3"" value=""3"" onClick = ""pressSubmit(3, 81)""></div><div class = Button4><input type=""button"" id = ""button4"" value=""4"" onClick = ""pressSubmit(4, 81)""></div><div class = Button5><input type=""button"" id = ""button5"" value=""5"" onClick = ""pressSubmit(5, 81)""></div><div class = Button6><input type=""button"" id = ""button6"" value=""6"" onClick = ""pressSubmit(6, 81)""></div><div class = Button7><input type=""button"" id = ""button7"" value=""7"" onClick = ""pressSubmit(7, 81)""></div></div></div></div>","81","1405","66","7","Reeses.bmp","","","","","","","","",""
"","1507","81","1507","-1","pre_task","poldrack-single-stim","69","223717","0.0-1.0-67.0","go_nogo","true","0","","<div class = bigBox><div class = pictureBox><img class='img.displayed' src='/static/experiments/gng_food/images/FrostedFlakes.bmp'></img></div><div class = sliderbox><div class = buttonBox><div class = Button1><input type=""button"" id = ""button1"" value=""1"" onClick = ""pressSubmit(1, 81)""></div><div class = Button2><input type=""button"" id = ""button2"" value=""2"" onClick = ""pressSubmit(2, 81)""></div><div class = Button3><input type=""button"" id = ""button3"" value=""3"" onClick = ""pressSubmit(3, 81)""></div><div class = Button4><input type=""button"" id = ""button4"" value=""4"" onClick = ""pressSubmit(4, 81)""></div><div class = Button5><input type=""button"" id = ""button5"" value=""5"" onClick = ""pressSubmit(5, 81)""></div><div class = Button6><input type=""button"" id = ""button6"" value=""6"" onClick = ""pressSubmit(6, 81)""></div><div class = Button7><input type=""button"" id = ""button7"" value=""7"" onClick = ""pressSubmit(7, 81)""></div></div></div></div>","81","1507","67","6","FrostedFlakes.bmp","","","","","","","","",""
"","2485","81","2485","-1","pre_task","poldrack-single-stim","70","226204","0.0-1.0-68.0","go_nogo","true","0","","<div class = bigBox><div class = pictureBox><img class='img.displayed' src='/static/experiments/gng_food/images/ffraspsorbet.bmp'></img></div><div class = sliderbox><div class = buttonBox><div class = Button1><input type=""button"" id = ""button1"" value=""1"" onClick = ""pressSubmit(1, 81)""></div><div class = Button2><input type=""button"" id = ""button2"" value=""2"" onClick = ""pressSubmit(2, 81)""></div><div class = Button3><input type=""button"" id = ""button3"" value=""3"" onClick = ""pressSubmit(3, 81)""></div><div class = Button4><input type=""button"" id = ""button4"" value=""4"" onClick = ""pressSubmit(4, 81)""></div><div class = Button5><input type=""button"" id = ""button5"" value=""5"" onClick = ""pressSubmit(5, 81)""></div><div class = Button6><input type=""button"" id = ""button6"" value=""6"" onClick = ""pressSubmit(6, 81)""></div><div class = Button7><input type=""button"" id = ""button7"" value=""7"" onClick = ""pressSubmit(7, 81)""></div></div></div></div>","81","2485","68","3","ffraspsorbet.bmp","","","","","","","","",""
"","3172","81","3172","-1","pre_task","poldrack-single-stim","71","229376","0.0-1.0-69.0","go_nogo","true","0","","<div class = bigBox><div class = pictureBox><img class='img.displayed' src='/static/experiments/gng_food/images/sbdietbar.bmp'></img></div><div class = sliderbox><div class = buttonBox><div class = Button1><input type=""button"" id = ""button1"" value=""1"" onClick = ""pressSubmit(1, 81)""></div><div class = Button2><input type=""button"" id = ""button2"" value=""2"" onClick = ""pressSubmit(2, 81)""></div><div class = Button3><input type=""button"" id = ""button3"" value=""3"" onClick = ""pressSubmit(3, 81)""></div><div class = Button4><input type=""button"" id = ""button4"" value=""4"" onClick = ""pressSubmit(4, 81)""></div><div class = Button5><input type=""button"" id = ""button5"" value=""5"" onClick = ""pressSubmit(5, 81)""></div><div class = Button6><input type=""button"" id = ""button6"" value=""6"" onClick = ""pressSubmit(6, 81)""></div><div class = Button7><input type=""button"" id = ""button7"" value=""7"" onClick = ""pressSubmit(7, 81)""></div></div></div></div>","81","3172","69","2","sbdietbar.bmp","","","","","","","","",""
"","2552","81","2552","-1","pre_task","poldrack-single-stim","72","231930","0.0-1.0-70.0","go_nogo","true","0","","<div class = bigBox><div class = pictureBox><img class='img.displayed' src='/static/experiments/gng_food/images/Ghiradelli_milk.bmp'></img></div><div class = sliderbox><div class = buttonBox><div class = Button1><input type=""button"" id = ""button1"" value=""1"" onClick = ""pressSubmit(1, 81)""></div><div class = Button2><input type=""button"" id = ""button2"" value=""2"" onClick = ""pressSubmit(2, 81)""></div><div class = Button3><input type=""button"" id = ""button3"" value=""3"" onClick = ""pressSubmit(3, 81)""></div><div class = Button4><input type=""button"" id = ""button4"" value=""4"" onClick = ""pressSubmit(4, 81)""></div><div class = Button5><input type=""button"" id = ""button5"" value=""5"" onClick = ""pressSubmit(5, 81)""></div><div class = Button6><input type=""button"" id = ""button6"" value=""6"" onClick = ""pressSubmit(6, 81)""></div><div class = Button7><input type=""button"" id = ""button7"" value=""7"" onClick = ""pressSubmit(7, 81)""></div></div></div></div>","81","2552","70","6","Ghiradelli_milk.bmp","","","","","","","","",""
"","2261","81","2261","-1","pre_task","poldrack-single-stim","73","234191","0.0-1.0-71.0","go_nogo","true","0","","<div class = bigBox><div class = pictureBox><img class='img.displayed' src='/static/experiments/gng_food/images/FamousAmos_small.bmp'></img></div><div class = sliderbox><div class = buttonBox><div class = Button1><input type=""button"" id = ""button1"" value=""1"" onClick = ""pressSubmit(1, 81)""></div><div class = Button2><input type=""button"" id = ""button2"" value=""2"" onClick = ""pressSubmit(2, 81)""></div><div class = Button3><input type=""button"" id = ""button3"" value=""3"" onClick = ""pressSubmit(3, 81)""></div><div class = Button4><input type=""button"" id = ""button4"" value=""4"" onClick = ""pressSubmit(4, 81)""></div><div class = Button5><input type=""button"" id = ""button5"" value=""5"" onClick = ""pressSubmit(5, 81)""></div><div class = Button6><input type=""button"" id = ""button6"" value=""6"" onClick = ""pressSubmit(6, 81)""></div><div class = Button7><input type=""button"" id = ""button7"" value=""7"" onClick = ""pressSubmit(7, 81)""></div></div></div></div>","81","2261","71","5","FamousAmos_small.bmp","","","","","","","","",""
"","3666","81","3666","-1","pre_task","poldrack-single-stim","74","237859","0.0-1.0-72.0","go_nogo","true","0","","<div class = bigBox><div class = pictureBox><img class='img.displayed' src='/static/experiments/gng_food/images/milkduds.bmp'></img></div><div class = sliderbox><div class = buttonBox><div class = Button1><input type=""button"" id = ""button1"" value=""1"" onClick = ""pressSubmit(1, 81)""></div><div class = Button2><input type=""button"" id = ""button2"" value=""2"" onClick = ""pressSubmit(2, 81)""></div><div class = Button3><input type=""button"" id = ""button3"" value=""3"" onClick = ""pressSubmit(3, 81)""></div><div class = Button4><input type=""button"" id = ""button4"" value=""4"" onClick = ""pressSubmit(4, 81)""></div><div class = Button5><input type=""button"" id = ""button5"" value=""5"" onClick = ""pressSubmit(5, 81)""></div><div class = Button6><input type=""button"" id = ""button6"" value=""6"" onClick = ""pressSubmit(6, 81)""></div><div class = Button7><input type=""button"" id = ""button7"" value=""7"" onClick = ""pressSubmit(7, 81)""></div></div></div></div>","81","3666","72","4","milkduds.bmp","","","","","","","","",""
"","1450","81","1450","-1","pre_task","poldrack-single-stim","75","239310","0.0-1.0-73.0","go_nogo","true","0","","<div class = bigBox><div class = pictureBox><img class='img.displayed' src='/static/experiments/gng_food/images/Doritosranch.bmp'></img></div><div class = sliderbox><div class = buttonBox><div class = Button1><input type=""button"" id = ""button1"" value=""1"" onClick = ""pressSubmit(1, 81)""></div><div class = Button2><input type=""button"" id = ""button2"" value=""2"" onClick = ""pressSubmit(2, 81)""></div><div class = Button3><input type=""button"" id = ""button3"" value=""3"" onClick = ""pressSubmit(3, 81)""></div><div class = Button4><input type=""button"" id = ""button4"" value=""4"" onClick = ""pressSubmit(4, 81)""></div><div class = Button5><input type=""button"" id = ""button5"" value=""5"" onClick = ""pressSubmit(5, 81)""></div><div class = Button6><input type=""button"" id = ""button6"" value=""6"" onClick = ""pressSubmit(6, 81)""></div><div class = Button7><input type=""button"" id = ""button7"" value=""7"" onClick = ""pressSubmit(7, 81)""></div></div></div></div>","81","1450","73","5","Doritosranch.bmp","","","","","","","","",""
"","1383","81","1383","-1","pre_task","poldrack-single-stim","76","240693","0.0-1.0-74.0","go_nogo","true","0","","<div class = bigBox><div class = pictureBox><img class='img.displayed' src='/static/experiments/gng_food/images/CheesyDoritos.bmp'></img></div><div class = sliderbox><div class = buttonBox><div class = Button1><input type=""button"" id = ""button1"" value=""1"" onClick = ""pressSubmit(1, 81)""></div><div class = Button2><input type=""button"" id = ""button2"" value=""2"" onClick = ""pressSubmit(2, 81)""></div><div class = Button3><input type=""button"" id = ""button3"" value=""3"" onClick = ""pressSubmit(3, 81)""></div><div class = Button4><input type=""button"" id = ""button4"" value=""4"" onClick = ""pressSubmit(4, 81)""></div><div class = Button5><input type=""button"" id = ""button5"" value=""5"" onClick = ""pressSubmit(5, 81)""></div><div class = Button6><input type=""button"" id = ""button6"" value=""6"" onClick = ""pressSubmit(6, 81)""></div><div class = Button7><input type=""button"" id = ""button7"" value=""7"" onClick = ""pressSubmit(7, 81)""></div></div></div></div>","81","1383","74","6","CheesyDoritos.bmp","","","","","","","","",""
"","1327","81","1327","-1","pre_task","poldrack-single-stim","77","242021","0.0-1.0-75.0","go_nogo","true","0","","<div class = bigBox><div class = pictureBox><img class='img.displayed' src='/static/experiments/gng_food/images/strawberries.bmp'></img></div><div class = sliderbox><div class = buttonBox><div class = Button1><input type=""button"" id = ""button1"" value=""1"" onClick = ""pressSubmit(1, 81)""></div><div class = Button2><input type=""button"" id = ""button2"" value=""2"" onClick = ""pressSubmit(2, 81)""></div><div class = Button3><input type=""button"" id = ""button3"" value=""3"" onClick = ""pressSubmit(3, 81)""></div><div class = Button4><input type=""button"" id = ""button4"" value=""4"" onClick = ""pressSubmit(4, 81)""></div><div class = Button5><input type=""button"" id = ""button5"" value=""5"" onClick = ""pressSubmit(5, 81)""></div><div class = Button6><input type=""button"" id = ""button6"" value=""6"" onClick = ""pressSubmit(6, 81)""></div><div class = Button7><input type=""button"" id = ""button7"" value=""7"" onClick = ""pressSubmit(7, 81)""></div></div></div></div>","81","1327","75","7","strawberries.bmp","","","","","","","","",""
"","1416","81","1416","-1","pre_task","poldrack-single-stim","78","243439","0.0-1.0-76.0","go_nogo","true","0","","<div class = bigBox><div class = pictureBox><img class='img.displayed' src='/static/experiments/gng_food/images/keeblerfudgestripes.bmp'></img></div><div class = sliderbox><div class = buttonBox><div class = Button1><input type=""button"" id = ""button1"" value=""1"" onClick = ""pressSubmit(1, 81)""></div><div class = Button2><input type=""button"" id = ""button2"" value=""2"" onClick = ""pressSubmit(2, 81)""></div><div class = Button3><input type=""button"" id = ""button3"" value=""3"" onClick = ""pressSubmit(3, 81)""></div><div class = Button4><input type=""button"" id = ""button4"" value=""4"" onClick = ""pressSubmit(4, 81)""></div><div class = Button5><input type=""button"" id = ""button5"" value=""5"" onClick = ""pressSubmit(5, 81)""></div><div class = Button6><input type=""button"" id = ""button6"" value=""6"" onClick = ""pressSubmit(6, 81)""></div><div class = Button7><input type=""button"" id = ""button7"" value=""7"" onClick = ""pressSubmit(7, 81)""></div></div></div></div>","81","1416","76","6","keeblerfudgestripes.bmp","","","","","","","","",""
"","2148","81","2148","-1","pre_task","poldrack-single-stim","79","245587","0.0-1.0-77.0","go_nogo","true","0","","<div class = bigBox><div class = pictureBox><img class='img.displayed' src='/static/experiments/gng_food/images/PeanutMMs.bmp'></img></div><div class = sliderbox><div class = buttonBox><div class = Button1><input type=""button"" id = ""button1"" value=""1"" onClick = ""pressSubmit(1, 81)""></div><div class = Button2><input type=""button"" id = ""button2"" value=""2"" onClick = ""pressSubmit(2, 81)""></div><div class = Button3><input type=""button"" id = ""button3"" value=""3"" onClick = ""pressSubmit(3, 81)""></div><div class = Button4><input type=""button"" id = ""button4"" value=""4"" onClick = ""pressSubmit(4, 81)""></div><div class = Button5><input type=""button"" id = ""button5"" value=""5"" onClick = ""pressSubmit(5, 81)""></div><div class = Button6><input type=""button"" id = ""button6"" value=""6"" onClick = ""pressSubmit(6, 81)""></div><div class = Button7><input type=""button"" id = ""button7"" value=""7"" onClick = ""pressSubmit(7, 81)""></div></div></div></div>","81","2148","77","3","PeanutMMs.bmp","","","","","","","","",""
"","2148","81","2148","-1","pre_task","poldrack-single-stim","80","247736","0.0-1.0-78.0","go_nogo","true","0","","<div class = bigBox><div class = pictureBox><img class='img.displayed' src='/static/experiments/gng_food/images/vanillapudding.bmp'></img></div><div class = sliderbox><div class = buttonBox><div class = Button1><input type=""button"" id = ""button1"" value=""1"" onClick = ""pressSubmit(1, 81)""></div><div class = Button2><input type=""button"" id = ""button2"" value=""2"" onClick = ""pressSubmit(2, 81)""></div><div class = Button3><input type=""button"" id = ""button3"" value=""3"" onClick = ""pressSubmit(3, 81)""></div><div class = Button4><input type=""button"" id = ""button4"" value=""4"" onClick = ""pressSubmit(4, 81)""></div><div class = Button5><input type=""button"" id = ""button5"" value=""5"" onClick = ""pressSubmit(5, 81)""></div><div class = Button6><input type=""button"" id = ""button6"" value=""6"" onClick = ""pressSubmit(6, 81)""></div><div class = Button7><input type=""button"" id = ""button7"" value=""7"" onClick = ""pressSubmit(7, 81)""></div></div></div></div>","81","2148","78","5","vanillapudding.bmp","","","","","","","","",""
"","2001","81","2001","-1","pre_task","poldrack-single-stim","81","249739","0.0-1.0-79.0","go_nogo","true","0","","<div class = bigBox><div class = pictureBox><img class='img.displayed' src='/static/experiments/gng_food/images/Dots_one.bmp'></img></div><div class = sliderbox><div class = buttonBox><div class = Button1><input type=""button"" id = ""button1"" value=""1"" onClick = ""pressSubmit(1, 81)""></div><div class = Button2><input type=""button"" id = ""button2"" value=""2"" onClick = ""pressSubmit(2, 81)""></div><div class = Button3><input type=""button"" id = ""button3"" value=""3"" onClick = ""pressSubmit(3, 81)""></div><div class = Button4><input type=""button"" id = ""button4"" value=""4"" onClick = ""pressSubmit(4, 81)""></div><div class = Button5><input type=""button"" id = ""button5"" value=""5"" onClick = ""pressSubmit(5, 81)""></div><div class = Button6><input type=""button"" id = ""button6"" value=""6"" onClick = ""pressSubmit(6, 81)""></div><div class = Button7><input type=""button"" id = ""button7"" value=""7"" onClick = ""pressSubmit(7, 81)""></div></div></div></div>","81","2001","79","2","Dots_one.bmp","","","","","","","","",""
"","1360","81","1360","-1","pre_task","poldrack-single-stim","82","251100","0.0-1.0-80.0","go_nogo","true","0","","<div class = bigBox><div class = pictureBox><img class='img.displayed' src='/static/experiments/gng_food/images/AppleJacks.bmp'></img></div><div class = sliderbox><div class = buttonBox><div class = Button1><input type=""button"" id = ""button1"" value=""1"" onClick = ""pressSubmit(1, 81)""></div><div class = Button2><input type=""button"" id = ""button2"" value=""2"" onClick = ""pressSubmit(2, 81)""></div><div class = Button3><input type=""button"" id = ""button3"" value=""3"" onClick = ""pressSubmit(3, 81)""></div><div class = Button4><input type=""button"" id = ""button4"" value=""4"" onClick = ""pressSubmit(4, 81)""></div><div class = Button5><input type=""button"" id = ""button5"" value=""5"" onClick = ""pressSubmit(5, 81)""></div><div class = Button6><input type=""button"" id = ""button6"" value=""6"" onClick = ""pressSubmit(6, 81)""></div><div class = Button7><input type=""button"" id = ""button7"" value=""7"" onClick = ""pressSubmit(7, 81)""></div></div></div></div>","81","1360","80","6","AppleJacks.bmp","","","","","","","","",""
"","1360","81","1360","-1","pre_task","poldrack-single-stim","83","252461","0.0-1.0-81.0","go_nogo","true","0","","<div class = bigBox><div class = pictureBox><img class='img.displayed' src='/static/experiments/gng_food/images/slimfastV.bmp'></img></div><div class = sliderbox><div class = buttonBox><div class = Button1><input type=""button"" id = ""button1"" value=""1"" onClick = ""pressSubmit(1, 81)""></div><div class = Button2><input type=""button"" id = ""button2"" value=""2"" onClick = ""pressSubmit(2, 81)""></div><div class = Button3><input type=""button"" id = ""button3"" value=""3"" onClick = ""pressSubmit(3, 81)""></div><div class = Button4><input type=""button"" id = ""button4"" value=""4"" onClick = ""pressSubmit(4, 81)""></div><div class = Button5><input type=""button"" id = ""button5"" value=""5"" onClick = ""pressSubmit(5, 81)""></div><div class = Button6><input type=""button"" id = ""button6"" value=""6"" onClick = ""pressSubmit(6, 81)""></div><div class = Button7><input type=""button"" id = ""button7"" value=""7"" onClick = ""pressSubmit(7, 81)""></div></div></div></div>","81","1360","81","4","slimfastV.bmp","","","","","","","","",""
"","1517","81","1517","-1","pre_task","poldrack-single-stim","84","253980","0.0-1.0-82.0","go_nogo","true","0","","<div class = bigBox><div class = pictureBox><img class='img.displayed' src='/static/experiments/gng_food/images/CornPops.bmp'></img></div><div class = sliderbox><div class = buttonBox><div class = Button1><input type=""button"" id = ""button1"" value=""1"" onClick = ""pressSubmit(1, 81)""></div><div class = Button2><input type=""button"" id = ""button2"" value=""2"" onClick = ""pressSubmit(2, 81)""></div><div class = Button3><input type=""button"" id = ""button3"" value=""3"" onClick = ""pressSubmit(3, 81)""></div><div class = Button4><input type=""button"" id = ""button4"" value=""4"" onClick = ""pressSubmit(4, 81)""></div><div class = Button5><input type=""button"" id = ""button5"" value=""5"" onClick = ""pressSubmit(5, 81)""></div><div class = Button6><input type=""button"" id = ""button6"" value=""6"" onClick = ""pressSubmit(6, 81)""></div><div class = Button7><input type=""button"" id = ""button7"" value=""7"" onClick = ""pressSubmit(7, 81)""></div></div></div></div>","81","1517","82","5","CornPops.bmp","","","","","","","","",""
"","2418","81","2418","-1","pre_task","poldrack-single-stim","85","256399","0.0-1.0-83.0","go_nogo","true","0","","<div class = bigBox><div class = pictureBox><img class='img.displayed' src='/static/experiments/gng_food/images/toast_peanutbutter.bmp'></img></div><div class = sliderbox><div class = buttonBox><div class = Button1><input type=""button"" id = ""button1"" value=""1"" onClick = ""pressSubmit(1, 81)""></div><div class = Button2><input type=""button"" id = ""button2"" value=""2"" onClick = ""pressSubmit(2, 81)""></div><div class = Button3><input type=""button"" id = ""button3"" value=""3"" onClick = ""pressSubmit(3, 81)""></div><div class = Button4><input type=""button"" id = ""button4"" value=""4"" onClick = ""pressSubmit(4, 81)""></div><div class = Button5><input type=""button"" id = ""button5"" value=""5"" onClick = ""pressSubmit(5, 81)""></div><div class = Button6><input type=""button"" id = ""button6"" value=""6"" onClick = ""pressSubmit(6, 81)""></div><div class = Button7><input type=""button"" id = ""button7"" value=""7"" onClick = ""pressSubmit(7, 81)""></div></div></div></div>","81","2418","83","3","toast_peanutbutter.bmp","","","","","","","","",""
"","1461","81","1461","-1","pre_task","poldrack-single-stim","86","257861","0.0-1.0-84.0","go_nogo","true","0","","<div class = bigBox><div class = pictureBox><img class='img.displayed' src='/static/experiments/gng_food/images/TeddyGrahamsplain_small.bmp'></img></div><div class = sliderbox><div class = buttonBox><div class = Button1><input type=""button"" id = ""button1"" value=""1"" onClick = ""pressSubmit(1, 81)""></div><div class = Button2><input type=""button"" id = ""button2"" value=""2"" onClick = ""pressSubmit(2, 81)""></div><div class = Button3><input type=""button"" id = ""button3"" value=""3"" onClick = ""pressSubmit(3, 81)""></div><div class = Button4><input type=""button"" id = ""button4"" value=""4"" onClick = ""pressSubmit(4, 81)""></div><div class = Button5><input type=""button"" id = ""button5"" value=""5"" onClick = ""pressSubmit(5, 81)""></div><div class = Button6><input type=""button"" id = ""button6"" value=""6"" onClick = ""pressSubmit(6, 81)""></div><div class = Button7><input type=""button"" id = ""button7"" value=""7"" onClick = ""pressSubmit(7, 81)""></div></div></div></div>","81","1461","84","5","TeddyGrahamsplain_small.bmp","","","","","","","","",""
"","3902","81","3902","-1","pre_task","poldrack-single-stim","87","261765","0.0-1.0-85.0","go_nogo","true","0","","<div class = bigBox><div class = pictureBox><img class='img.displayed' src='/static/experiments/gng_food/images/Sourpatch.bmp'></img></div><div class = sliderbox><div class = buttonBox><div class = Button1><input type=""button"" id = ""button1"" value=""1"" onClick = ""pressSubmit(1, 81)""></div><div class = Button2><input type=""button"" id = ""button2"" value=""2"" onClick = ""pressSubmit(2, 81)""></div><div class = Button3><input type=""button"" id = ""button3"" value=""3"" onClick = ""pressSubmit(3, 81)""></div><div class = Button4><input type=""button"" id = ""button4"" value=""4"" onClick = ""pressSubmit(4, 81)""></div><div class = Button5><input type=""button"" id = ""button5"" value=""5"" onClick = ""pressSubmit(5, 81)""></div><div class = Button6><input type=""button"" id = ""button6"" value=""6"" onClick = ""pressSubmit(6, 81)""></div><div class = Button7><input type=""button"" id = ""button7"" value=""7"" onClick = ""pressSubmit(7, 81)""></div></div></div></div>","81","3902","85","4","Sourpatch.bmp","","","","","","","","",""
"","1686","81","1686","-1","pre_task","poldrack-single-stim","88","263453","0.0-1.0-86.0","go_nogo","true","0","","<div class = bigBox><div class = pictureBox><img class='img.displayed' src='/static/experiments/gng_food/images/trix.bmp'></img></div><div class = sliderbox><div class = buttonBox><div class = Button1><input type=""button"" id = ""button1"" value=""1"" onClick = ""pressSubmit(1, 81)""></div><div class = Button2><input type=""button"" id = ""button2"" value=""2"" onClick = ""pressSubmit(2, 81)""></div><div class = Button3><input type=""button"" id = ""button3"" value=""3"" onClick = ""pressSubmit(3, 81)""></div><div class = Button4><input type=""button"" id = ""button4"" value=""4"" onClick = ""pressSubmit(4, 81)""></div><div class = Button5><input type=""button"" id = ""button5"" value=""5"" onClick = ""pressSubmit(5, 81)""></div><div class = Button6><input type=""button"" id = ""button6"" value=""6"" onClick = ""pressSubmit(6, 81)""></div><div class = Button7><input type=""button"" id = ""button7"" value=""7"" onClick = ""pressSubmit(7, 81)""></div></div></div></div>","81","1686","86","6","trix.bmp","","","","","","","","",""
"","1439","81","1439","-1","pre_task","poldrack-single-stim","89","264893","0.0-1.0-87.0","go_nogo","true","0","","<div class = bigBox><div class = pictureBox><img class='img.displayed' src='/static/experiments/gng_food/images/redgrapes.bmp'></img></div><div class = sliderbox><div class = buttonBox><div class = Button1><input type=""button"" id = ""button1"" value=""1"" onClick = ""pressSubmit(1, 81)""></div><div class = Button2><input type=""button"" id = ""button2"" value=""2"" onClick = ""pressSubmit(2, 81)""></div><div class = Button3><input type=""button"" id = ""button3"" value=""3"" onClick = ""pressSubmit(3, 81)""></div><div class = Button4><input type=""button"" id = ""button4"" value=""4"" onClick = ""pressSubmit(4, 81)""></div><div class = Button5><input type=""button"" id = ""button5"" value=""5"" onClick = ""pressSubmit(5, 81)""></div><div class = Button6><input type=""button"" id = ""button6"" value=""6"" onClick = ""pressSubmit(6, 81)""></div><div class = Button7><input type=""button"" id = ""button7"" value=""7"" onClick = ""pressSubmit(7, 81)""></div></div></div></div>","81","1439","87","6","redgrapes.bmp","","","","","","","","",""
"","1776","81","1776","-1","pre_task","poldrack-single-stim","90","266670","0.0-1.0-88.0","go_nogo","true","0","","<div class = bigBox><div class = pictureBox><img class='img.displayed' src='/static/experiments/gng_food/images/TeddyGrahamsCinnamon.bmp'></img></div><div class = sliderbox><div class = buttonBox><div class = Button1><input type=""button"" id = ""button1"" value=""1"" onClick = ""pressSubmit(1, 81)""></div><div class = Button2><input type=""button"" id = ""button2"" value=""2"" onClick = ""pressSubmit(2, 81)""></div><div class = Button3><input type=""button"" id = ""button3"" value=""3"" onClick = ""pressSubmit(3, 81)""></div><div class = Button4><input type=""button"" id = ""button4"" value=""4"" onClick = ""pressSubmit(4, 81)""></div><div class = Button5><input type=""button"" id = ""button5"" value=""5"" onClick = ""pressSubmit(5, 81)""></div><div class = Button6><input type=""button"" id = ""button6"" value=""6"" onClick = ""pressSubmit(6, 81)""></div><div class = Button7><input type=""button"" id = ""button7"" value=""7"" onClick = ""pressSubmit(7, 81)""></div></div></div></div>","81","1776","88","5","TeddyGrahamsCinnamon.bmp","","","","","","","","",""
"","1394","81","1394","-1","pre_task","poldrack-single-stim","91","268065","0.0-1.0-89.0","go_nogo","true","0","","<div class = bigBox><div class = pictureBox><img class='img.displayed' src='/static/experiments/gng_food/images/frostedcheerios.bmp'></img></div><div class = sliderbox><div class = buttonBox><div class = Button1><input type=""button"" id = ""button1"" value=""1"" onClick = ""pressSubmit(1, 81)""></div><div class = Button2><input type=""button"" id = ""button2"" value=""2"" onClick = ""pressSubmit(2, 81)""></div><div class = Button3><input type=""button"" id = ""button3"" value=""3"" onClick = ""pressSubmit(3, 81)""></div><div class = Button4><input type=""button"" id = ""button4"" value=""4"" onClick = ""pressSubmit(4, 81)""></div><div class = Button5><input type=""button"" id = ""button5"" value=""5"" onClick = ""pressSubmit(5, 81)""></div><div class = Button6><input type=""button"" id = ""button6"" value=""6"" onClick = ""pressSubmit(6, 81)""></div><div class = Button7><input type=""button"" id = ""button7"" value=""7"" onClick = ""pressSubmit(7, 81)""></div></div></div></div>","81","1394","89","6","frostedcheerios.bmp","","","","","","","","",""
"","2788","81","2788","-1","pre_task","poldrack-single-stim","92","270855","0.0-1.0-90.0","go_nogo","true","0","","<div class = bigBox><div class = pictureBox><img class='img.displayed' src='/static/experiments/gng_food/images/SnoBall.bmp'></img></div><div class = sliderbox><div class = buttonBox><div class = Button1><input type=""button"" id = ""button1"" value=""1"" onClick = ""pressSubmit(1, 81)""></div><div class = Button2><input type=""button"" id = ""button2"" value=""2"" onClick = ""pressSubmit(2, 81)""></div><div class = Button3><input type=""button"" id = ""button3"" value=""3"" onClick = ""pressSubmit(3, 81)""></div><div class = Button4><input type=""button"" id = ""button4"" value=""4"" onClick = ""pressSubmit(4, 81)""></div><div class = Button5><input type=""button"" id = ""button5"" value=""5"" onClick = ""pressSubmit(5, 81)""></div><div class = Button6><input type=""button"" id = ""button6"" value=""6"" onClick = ""pressSubmit(6, 81)""></div><div class = Button7><input type=""button"" id = ""button7"" value=""7"" onClick = ""pressSubmit(7, 81)""></div></div></div></div>","81","2788","90","2","SnoBall.bmp","","","","","","","","",""
"","1957","81","1957","-1","pre_task","poldrack-single-stim","93","272813","0.0-1.0-91.0","go_nogo","true","0","","<div class = bigBox><div class = pictureBox><img class='img.displayed' src='/static/experiments/gng_food/images/MilkyWay.bmp'></img></div><div class = sliderbox><div class = buttonBox><div class = Button1><input type=""button"" id = ""button1"" value=""1"" onClick = ""pressSubmit(1, 81)""></div><div class = Button2><input type=""button"" id = ""button2"" value=""2"" onClick = ""pressSubmit(2, 81)""></div><div class = Button3><input type=""button"" id = ""button3"" value=""3"" onClick = ""pressSubmit(3, 81)""></div><div class = Button4><input type=""button"" id = ""button4"" value=""4"" onClick = ""pressSubmit(4, 81)""></div><div class = Button5><input type=""button"" id = ""button5"" value=""5"" onClick = ""pressSubmit(5, 81)""></div><div class = Button6><input type=""button"" id = ""button6"" value=""6"" onClick = ""pressSubmit(6, 81)""></div><div class = Button7><input type=""button"" id = ""button7"" value=""7"" onClick = ""pressSubmit(7, 81)""></div></div></div></div>","81","1957","91","6","MilkyWay.bmp","","","","","","","","",""
"","1372","81","1372","-1","pre_task","poldrack-single-stim","94","274185","0.0-1.0-92.0","go_nogo","true","0","","<div class = bigBox><div class = pictureBox><img class='img.displayed' src='/static/experiments/gng_food/images/Musketeers.bmp'></img></div><div class = sliderbox><div class = buttonBox><div class = Button1><input type=""button"" id = ""button1"" value=""1"" onClick = ""pressSubmit(1, 81)""></div><div class = Button2><input type=""button"" id = ""button2"" value=""2"" onClick = ""pressSubmit(2, 81)""></div><div class = Button3><input type=""button"" id = ""button3"" value=""3"" onClick = ""pressSubmit(3, 81)""></div><div class = Button4><input type=""button"" id = ""button4"" value=""4"" onClick = ""pressSubmit(4, 81)""></div><div class = Button5><input type=""button"" id = ""button5"" value=""5"" onClick = ""pressSubmit(5, 81)""></div><div class = Button6><input type=""button"" id = ""button6"" value=""6"" onClick = ""pressSubmit(6, 81)""></div><div class = Button7><input type=""button"" id = ""button7"" value=""7"" onClick = ""pressSubmit(7, 81)""></div></div></div></div>","81","1372","92","6","Musketeers.bmp","","","","","","","","",""
"","1619","81","1619","-1","pre_task","poldrack-single-stim","95","275806","0.0-1.0-93.0","go_nogo","true","0","","<div class = bigBox><div class = pictureBox><img class='img.displayed' src='/static/experiments/gng_food/images/jollyranchergreen.bmp'></img></div><div class = sliderbox><div class = buttonBox><div class = Button1><input type=""button"" id = ""button1"" value=""1"" onClick = ""pressSubmit(1, 81)""></div><div class = Button2><input type=""button"" id = ""button2"" value=""2"" onClick = ""pressSubmit(2, 81)""></div><div class = Button3><input type=""button"" id = ""button3"" value=""3"" onClick = ""pressSubmit(3, 81)""></div><div class = Button4><input type=""button"" id = ""button4"" value=""4"" onClick = ""pressSubmit(4, 81)""></div><div class = Button5><input type=""button"" id = ""button5"" value=""5"" onClick = ""pressSubmit(5, 81)""></div><div class = Button6><input type=""button"" id = ""button6"" value=""6"" onClick = ""pressSubmit(6, 81)""></div><div class = Button7><input type=""button"" id = ""button7"" value=""7"" onClick = ""pressSubmit(7, 81)""></div></div></div></div>","81","1619","93","2","jollyranchergreen.bmp","","","","","","","","",""
"","1731","81","1731","-1","pre_task","poldrack-single-stim","96","277538","0.0-1.0-94.0","go_nogo","true","0","","<div class = bigBox><div class = pictureBox><img class='img.displayed' src='/static/experiments/gng_food/images/wwbrownie.bmp'></img></div><div class = sliderbox><div class = buttonBox><div class = Button1><input type=""button"" id = ""button1"" value=""1"" onClick = ""pressSubmit(1, 81)""></div><div class = Button2><input type=""button"" id = ""button2"" value=""2"" onClick = ""pressSubmit(2, 81)""></div><div class = Button3><input type=""button"" id = ""button3"" value=""3"" onClick = ""pressSubmit(3, 81)""></div><div class = Button4><input type=""button"" id = ""button4"" value=""4"" onClick = ""pressSubmit(4, 81)""></div><div class = Button5><input type=""button"" id = ""button5"" value=""5"" onClick = ""pressSubmit(5, 81)""></div><div class = Button6><input type=""button"" id = ""button6"" value=""6"" onClick = ""pressSubmit(6, 81)""></div><div class = Button7><input type=""button"" id = ""button7"" value=""7"" onClick = ""pressSubmit(7, 81)""></div></div></div></div>","81","1731","94","5","wwbrownie.bmp","","","","","","","","",""
"","3914","81","3914","-1","pre_task","poldrack-single-stim","97","281453","0.0-1.0-95.0","go_nogo","true","0","","<div class = bigBox><div class = pictureBox><img class='img.displayed' src='/static/experiments/gng_food/images/cranberries.bmp'></img></div><div class = sliderbox><div class = buttonBox><div class = Button1><input type=""button"" id = ""button1"" value=""1"" onClick = ""pressSubmit(1, 81)""></div><div class = Button2><input type=""button"" id = ""button2"" value=""2"" onClick = ""pressSubmit(2, 81)""></div><div class = Button3><input type=""button"" id = ""button3"" value=""3"" onClick = ""pressSubmit(3, 81)""></div><div class = Button4><input type=""button"" id = ""button4"" value=""4"" onClick = ""pressSubmit(4, 81)""></div><div class = Button5><input type=""button"" id = ""button5"" value=""5"" onClick = ""pressSubmit(5, 81)""></div><div class = Button6><input type=""button"" id = ""button6"" value=""6"" onClick = ""pressSubmit(6, 81)""></div><div class = Button7><input type=""button"" id = ""button7"" value=""7"" onClick = ""pressSubmit(7, 81)""></div></div></div></div>","81","3914","95","1","cranberries.bmp","","","","","","","","",""
"","2452","81","2452","-1","pre_task","poldrack-single-stim","98","283905","0.0-1.0-96.0","go_nogo","true","0","","<div class = bigBox><div class = pictureBox><img class='img.displayed' src='/static/experiments/gng_food/images/brocollincauliflower.bmp'></img></div><div class = sliderbox><div class = buttonBox><div class = Button1><input type=""button"" id = ""button1"" value=""1"" onClick = ""pressSubmit(1, 81)""></div><div class = Button2><input type=""button"" id = ""button2"" value=""2"" onClick = ""pressSubmit(2, 81)""></div><div class = Button3><input type=""button"" id = ""button3"" value=""3"" onClick = ""pressSubmit(3, 81)""></div><div class = Button4><input type=""button"" id = ""button4"" value=""4"" onClick = ""pressSubmit(4, 81)""></div><div class = Button5><input type=""button"" id = ""button5"" value=""5"" onClick = ""pressSubmit(5, 81)""></div><div class = Button6><input type=""button"" id = ""button6"" value=""6"" onClick = ""pressSubmit(6, 81)""></div><div class = Button7><input type=""button"" id = ""button7"" value=""7"" onClick = ""pressSubmit(7, 81)""></div></div></div></div>","81","2452","96","3","brocollincauliflower.bmp","","","","","","","","",""
"","1968","81","1968","-1","pre_task","poldrack-single-stim","99","285875","0.0-1.0-97.0","go_nogo","true","0","","<div class = bigBox><div class = pictureBox><img class='img.displayed' src='/static/experiments/gng_food/images/PowderedDonuts_small.bmp'></img></div><div class = sliderbox><div class = buttonBox><div class = Button1><input type=""button"" id = ""button1"" value=""1"" onClick = ""pressSubmit(1, 81)""></div><div class = Button2><input type=""button"" id = ""button2"" value=""2"" onClick = ""pressSubmit(2, 81)""></div><div class = Button3><input type=""button"" id = ""button3"" value=""3"" onClick = ""pressSubmit(3, 81)""></div><div class = Button4><input type=""button"" id = ""button4"" value=""4"" onClick = ""pressSubmit(4, 81)""></div><div class = Button5><input type=""button"" id = ""button5"" value=""5"" onClick = ""pressSubmit(5, 81)""></div><div class = Button6><input type=""button"" id = ""button6"" value=""6"" onClick = ""pressSubmit(6, 81)""></div><div class = Button7><input type=""button"" id = ""button7"" value=""7"" onClick = ""pressSubmit(7, 81)""></div></div></div></div>","81","1968","97","3","PowderedDonuts_small.bmp","","","","","","","","",""
"","2822","81","2822","-1","pre_task","poldrack-single-stim","100","288698","0.0-1.0-98.0","go_nogo","true","0","","<div class = bigBox><div class = pictureBox><img class='img.displayed' src='/static/experiments/gng_food/images/nutterbutter.bmp'></img></div><div class = sliderbox><div class = buttonBox><div class = Button1><input type=""button"" id = ""button1"" value=""1"" onClick = ""pressSubmit(1, 81)""></div><div class = Button2><input type=""button"" id = ""button2"" value=""2"" onClick = ""pressSubmit(2, 81)""></div><div class = Button3><input type=""button"" id = ""button3"" value=""3"" onClick = ""pressSubmit(3, 81)""></div><div class = Button4><input type=""button"" id = ""button4"" value=""4"" onClick = ""pressSubmit(4, 81)""></div><div class = Button5><input type=""button"" id = ""button5"" value=""5"" onClick = ""pressSubmit(5, 81)""></div><div class = Button6><input type=""button"" id = ""button6"" value=""6"" onClick = ""pressSubmit(6, 81)""></div><div class = Button7><input type=""button"" id = ""button7"" value=""7"" onClick = ""pressSubmit(7, 81)""></div></div></div></div>","81","2822","98","5","nutterbutter.bmp","","","","","","","","",""
"","1900","81","1900","-1","pre_task","poldrack-single-stim","101","290599","0.0-1.0-99.0","go_nogo","true","0","","<div class = bigBox><div class = pictureBox><img class='img.displayed' src='/static/experiments/gng_food/images/mixedyogart.bmp'></img></div><div class = sliderbox><div class = buttonBox><div class = Button1><input type=""button"" id = ""button1"" value=""1"" onClick = ""pressSubmit(1, 81)""></div><div class = Button2><input type=""button"" id = ""button2"" value=""2"" onClick = ""pressSubmit(2, 81)""></div><div class = Button3><input type=""button"" id = ""button3"" value=""3"" onClick = ""pressSubmit(3, 81)""></div><div class = Button4><input type=""button"" id = ""button4"" value=""4"" onClick = ""pressSubmit(4, 81)""></div><div class = Button5><input type=""button"" id = ""button5"" value=""5"" onClick = ""pressSubmit(5, 81)""></div><div class = Button6><input type=""button"" id = ""button6"" value=""6"" onClick = ""pressSubmit(6, 81)""></div><div class = Button7><input type=""button"" id = ""button7"" value=""7"" onClick = ""pressSubmit(7, 81)""></div></div></div></div>","81","1900","99","5","mixedyogart.bmp","","","","","","","","",""
"","1697","81","1697","-1","pre_task","poldrack-single-stim","102","292298","0.0-1.0-100.0","go_nogo","true","0","","<div class = bigBox><div class = pictureBox><img class='img.displayed' src='/static/experiments/gng_food/images/donettesbrown.bmp'></img></div><div class = sliderbox><div class = buttonBox><div class = Button1><input type=""button"" id = ""button1"" value=""1"" onClick = ""pressSubmit(1, 81)""></div><div class = Button2><input type=""button"" id = ""button2"" value=""2"" onClick = ""pressSubmit(2, 81)""></div><div class = Button3><input type=""button"" id = ""button3"" value=""3"" onClick = ""pressSubmit(3, 81)""></div><div class = Button4><input type=""button"" id = ""button4"" value=""4"" onClick = ""pressSubmit(4, 81)""></div><div class = Button5><input type=""button"" id = ""button5"" value=""5"" onClick = ""pressSubmit(5, 81)""></div><div class = Button6><input type=""button"" id = ""button6"" value=""6"" onClick = ""pressSubmit(6, 81)""></div><div class = Button7><input type=""button"" id = ""button7"" value=""7"" onClick = ""pressSubmit(7, 81)""></div></div></div></div>","81","1697","100","3","donettesbrown.bmp","","","","","","","","",""
"","2137","81","2137","-1","pre_task","poldrack-single-stim","103","294436","0.0-1.0-101.0","go_nogo","true","0","","<div class = bigBox><div class = pictureBox><img class='img.displayed' src='/static/experiments/gng_food/images/laffytaffyred_one.bmp'></img></div><div class = sliderbox><div class = buttonBox><div class = Button1><input type=""button"" id = ""button1"" value=""1"" onClick = ""pressSubmit(1, 81)""></div><div class = Button2><input type=""button"" id = ""button2"" value=""2"" onClick = ""pressSubmit(2, 81)""></div><div class = Button3><input type=""button"" id = ""button3"" value=""3"" onClick = ""pressSubmit(3, 81)""></div><div class = Button4><input type=""button"" id = ""button4"" value=""4"" onClick = ""pressSubmit(4, 81)""></div><div class = Button5><input type=""button"" id = ""button5"" value=""5"" onClick = ""pressSubmit(5, 81)""></div><div class = Button6><input type=""button"" id = ""button6"" value=""6"" onClick = ""pressSubmit(6, 81)""></div><div class = Button7><input type=""button"" id = ""button7"" value=""7"" onClick = ""pressSubmit(7, 81)""></div></div></div></div>","81","2137","101","2","laffytaffyred_one.bmp","","","","","","","","",""
"","1720","81","1720","-1","pre_task","poldrack-single-stim","104","296157","0.0-1.0-102.0","go_nogo","true","0","","<div class = bigBox><div class = pictureBox><img class='img.displayed' src='/static/experiments/gng_food/images/specialKbar.bmp'></img></div><div class = sliderbox><div class = buttonBox><div class = Button1><input type=""button"" id = ""button1"" value=""1"" onClick = ""pressSubmit(1, 81)""></div><div class = Button2><input type=""button"" id = ""button2"" value=""2"" onClick = ""pressSubmit(2, 81)""></div><div class = Button3><input type=""button"" id = ""button3"" value=""3"" onClick = ""pressSubmit(3, 81)""></div><div class = Button4><input type=""button"" id = ""button4"" value=""4"" onClick = ""pressSubmit(4, 81)""></div><div class = Button5><input type=""button"" id = ""button5"" value=""5"" onClick = ""pressSubmit(5, 81)""></div><div class = Button6><input type=""button"" id = ""button6"" value=""6"" onClick = ""pressSubmit(6, 81)""></div><div class = Button7><input type=""button"" id = ""button7"" value=""7"" onClick = ""pressSubmit(7, 81)""></div></div></div></div>","81","1720","102","3","specialKbar.bmp","","","","","","","","",""
"","1551","81","1551","-1","pre_task","poldrack-single-stim","105","297709","0.0-1.0-103.0","go_nogo","true","0","","<div class = bigBox><div class = pictureBox><img class='img.displayed' src='/static/experiments/gng_food/images/riprolls.bmp'></img></div><div class = sliderbox><div class = buttonBox><div class = Button1><input type=""button"" id = ""button1"" value=""1"" onClick = ""pressSubmit(1, 81)""></div><div class = Button2><input type=""button"" id = ""button2"" value=""2"" onClick = ""pressSubmit(2, 81)""></div><div class = Button3><input type=""button"" id = ""button3"" value=""3"" onClick = ""pressSubmit(3, 81)""></div><div class = Button4><input type=""button"" id = ""button4"" value=""4"" onClick = ""pressSubmit(4, 81)""></div><div class = Button5><input type=""button"" id = ""button5"" value=""5"" onClick = ""pressSubmit(5, 81)""></div><div class = Button6><input type=""button"" id = ""button6"" value=""6"" onClick = ""pressSubmit(6, 81)""></div><div class = Button7><input type=""button"" id = ""button7"" value=""7"" onClick = ""pressSubmit(7, 81)""></div></div></div></div>","81","1551","103","3","riprolls.bmp","","","","","","","","",""
"","1878","81","1878","-1","pre_task","poldrack-single-stim","106","299588","0.0-1.0-104.0","go_nogo","true","0","","<div class = bigBox><div class = pictureBox><img class='img.displayed' src='/static/experiments/gng_food/images/blueberryyogart.bmp'></img></div><div class = sliderbox><div class = buttonBox><div class = Button1><input type=""button"" id = ""button1"" value=""1"" onClick = ""pressSubmit(1, 81)""></div><div class = Button2><input type=""button"" id = ""button2"" value=""2"" onClick = ""pressSubmit(2, 81)""></div><div class = Button3><input type=""button"" id = ""button3"" value=""3"" onClick = ""pressSubmit(3, 81)""></div><div class = Button4><input type=""button"" id = ""button4"" value=""4"" onClick = ""pressSubmit(4, 81)""></div><div class = Button5><input type=""button"" id = ""button5"" value=""5"" onClick = ""pressSubmit(5, 81)""></div><div class = Button6><input type=""button"" id = ""button6"" value=""6"" onClick = ""pressSubmit(6, 81)""></div><div class = Button7><input type=""button"" id = ""button7"" value=""7"" onClick = ""pressSubmit(7, 81)""></div></div></div></div>","81","1878","104","5","blueberryyogart.bmp","","","","","","","","",""
"","1743","81","1743","-1","pre_task","poldrack-single-stim","107","301332","0.0-1.0-105.0","go_nogo","true","0","","<div class = bigBox><div class = pictureBox><img class='img.displayed' src='/static/experiments/gng_food/images/zingers.bmp'></img></div><div class = sliderbox><div class = buttonBox><div class = Button1><input type=""button"" id = ""button1"" value=""1"" onClick = ""pressSubmit(1, 81)""></div><div class = Button2><input type=""button"" id = ""button2"" value=""2"" onClick = ""pressSubmit(2, 81)""></div><div class = Button3><input type=""button"" id = ""button3"" value=""3"" onClick = ""pressSubmit(3, 81)""></div><div class = Button4><input type=""button"" id = ""button4"" value=""4"" onClick = ""pressSubmit(4, 81)""></div><div class = Button5><input type=""button"" id = ""button5"" value=""5"" onClick = ""pressSubmit(5, 81)""></div><div class = Button6><input type=""button"" id = ""button6"" value=""6"" onClick = ""pressSubmit(6, 81)""></div><div class = Button7><input type=""button"" id = ""button7"" value=""7"" onClick = ""pressSubmit(7, 81)""></div></div></div></div>","81","1743","105","6","zingers.bmp","","","","","","","","",""
"","1383","81","1383","-1","pre_task","poldrack-single-stim","108","302716","0.0-1.0-106.0","go_nogo","true","0","","<div class = bigBox><div class = pictureBox><img class='img.displayed' src='/static/experiments/gng_food/images/wildberrynerds.bmp'></img></div><div class = sliderbox><div class = buttonBox><div class = Button1><input type=""button"" id = ""button1"" value=""1"" onClick = ""pressSubmit(1, 81)""></div><div class = Button2><input type=""button"" id = ""button2"" value=""2"" onClick = ""pressSubmit(2, 81)""></div><div class = Button3><input type=""button"" id = ""button3"" value=""3"" onClick = ""pressSubmit(3, 81)""></div><div class = Button4><input type=""button"" id = ""button4"" value=""4"" onClick = ""pressSubmit(4, 81)""></div><div class = Button5><input type=""button"" id = ""button5"" value=""5"" onClick = ""pressSubmit(5, 81)""></div><div class = Button6><input type=""button"" id = ""button6"" value=""6"" onClick = ""pressSubmit(6, 81)""></div><div class = Button7><input type=""button"" id = ""button7"" value=""7"" onClick = ""pressSubmit(7, 81)""></div></div></div></div>","81","1383","106","7","wildberrynerds.bmp","","","","","","","","",""
"","2282","81","2282","-1","pre_task","poldrack-single-stim","109","304999","0.0-1.0-107.0","go_nogo","true","0","","<div class = bigBox><div class = pictureBox><img class='img.displayed' src='/static/experiments/gng_food/images/RitzBitz2.bmp'></img></div><div class = sliderbox><div class = buttonBox><div class = Button1><input type=""button"" id = ""button1"" value=""1"" onClick = ""pressSubmit(1, 81)""></div><div class = Button2><input type=""button"" id = ""button2"" value=""2"" onClick = ""pressSubmit(2, 81)""></div><div class = Button3><input type=""button"" id = ""button3"" value=""3"" onClick = ""pressSubmit(3, 81)""></div><div class = Button4><input type=""button"" id = ""button4"" value=""4"" onClick = ""pressSubmit(4, 81)""></div><div class = Button5><input type=""button"" id = ""button5"" value=""5"" onClick = ""pressSubmit(5, 81)""></div><div class = Button6><input type=""button"" id = ""button6"" value=""6"" onClick = ""pressSubmit(6, 81)""></div><div class = Button7><input type=""button"" id = ""button7"" value=""7"" onClick = ""pressSubmit(7, 81)""></div></div></div></div>","81","2282","107","5","RitzBitz2.bmp","","","","","","","","",""
"","1676","81","1676","-1","pre_task","poldrack-single-stim","110","306676","0.0-1.0-108.0","go_nogo","true","0","","<div class = bigBox><div class = pictureBox><img class='img.displayed' src='/static/experiments/gng_food/images/FigNewton_small.bmp'></img></div><div class = sliderbox><div class = buttonBox><div class = Button1><input type=""button"" id = ""button1"" value=""1"" onClick = ""pressSubmit(1, 81)""></div><div class = Button2><input type=""button"" id = ""button2"" value=""2"" onClick = ""pressSubmit(2, 81)""></div><div class = Button3><input type=""button"" id = ""button3"" value=""3"" onClick = ""pressSubmit(3, 81)""></div><div class = Button4><input type=""button"" id = ""button4"" value=""4"" onClick = ""pressSubmit(4, 81)""></div><div class = Button5><input type=""button"" id = ""button5"" value=""5"" onClick = ""pressSubmit(5, 81)""></div><div class = Button6><input type=""button"" id = ""button6"" value=""6"" onClick = ""pressSubmit(6, 81)""></div><div class = Button7><input type=""button"" id = ""button7"" value=""7"" onClick = ""pressSubmit(7, 81)""></div></div></div></div>","81","1676","108","3","FigNewton_small.bmp","","","","","","","","",""
"","1923","81","1923","-1","pre_task","poldrack-single-stim","111","308599","0.0-1.0-109.0","go_nogo","true","0","","<div class = bigBox><div class = pictureBox><img class='img.displayed' src='/static/experiments/gng_food/images/cheezits.bmp'></img></div><div class = sliderbox><div class = buttonBox><div class = Button1><input type=""button"" id = ""button1"" value=""1"" onClick = ""pressSubmit(1, 81)""></div><div class = Button2><input type=""button"" id = ""button2"" value=""2"" onClick = ""pressSubmit(2, 81)""></div><div class = Button3><input type=""button"" id = ""button3"" value=""3"" onClick = ""pressSubmit(3, 81)""></div><div class = Button4><input type=""button"" id = ""button4"" value=""4"" onClick = ""pressSubmit(4, 81)""></div><div class = Button5><input type=""button"" id = ""button5"" value=""5"" onClick = ""pressSubmit(5, 81)""></div><div class = Button6><input type=""button"" id = ""button6"" value=""6"" onClick = ""pressSubmit(6, 81)""></div><div class = Button7><input type=""button"" id = ""button7"" value=""7"" onClick = ""pressSubmit(7, 81)""></div></div></div></div>","81","1923","109","3","cheezits.bmp","","","","","","","","",""
"","2001","81","2001","-1","pre_task","poldrack-single-stim","112","310602","0.0-1.0-110.0","go_nogo","true","0","","<div class = bigBox><div class = pictureBox><img class='img.displayed' src='/static/experiments/gng_food/images/jollyrancherblue.bmp'></img></div><div class = sliderbox><div class = buttonBox><div class = Button1><input type=""button"" id = ""button1"" value=""1"" onClick = ""pressSubmit(1, 81)""></div><div class = Button2><input type=""button"" id = ""button2"" value=""2"" onClick = ""pressSubmit(2, 81)""></div><div class = Button3><input type=""button"" id = ""button3"" value=""3"" onClick = ""pressSubmit(3, 81)""></div><div class = Button4><input type=""button"" id = ""button4"" value=""4"" onClick = ""pressSubmit(4, 81)""></div><div class = Button5><input type=""button"" id = ""button5"" value=""5"" onClick = ""pressSubmit(5, 81)""></div><div class = Button6><input type=""button"" id = ""button6"" value=""6"" onClick = ""pressSubmit(6, 81)""></div><div class = Button7><input type=""button"" id = ""button7"" value=""7"" onClick = ""pressSubmit(7, 81)""></div></div></div></div>","81","2001","110","2","jollyrancherblue.bmp","","","","","","","","",""
"","1619","81","1619","-1","pre_task","poldrack-single-stim","113","312222","0.0-1.0-111.0","go_nogo","true","0","","<div class = bigBox><div class = pictureBox><img class='img.displayed' src='/static/experiments/gng_food/images/pizza.bmp'></img></div><div class = sliderbox><div class = buttonBox><div class = Button1><input type=""button"" id = ""button1"" value=""1"" onClick = ""pressSubmit(1, 81)""></div><div class = Button2><input type=""button"" id = ""button2"" value=""2"" onClick = ""pressSubmit(2, 81)""></div><div class = Button3><input type=""button"" id = ""button3"" value=""3"" onClick = ""pressSubmit(3, 81)""></div><div class = Button4><input type=""button"" id = ""button4"" value=""4"" onClick = ""pressSubmit(4, 81)""></div><div class = Button5><input type=""button"" id = ""button5"" value=""5"" onClick = ""pressSubmit(5, 81)""></div><div class = Button6><input type=""button"" id = ""button6"" value=""6"" onClick = ""pressSubmit(6, 81)""></div><div class = Button7><input type=""button"" id = ""button7"" value=""7"" onClick = ""pressSubmit(7, 81)""></div></div></div></div>","81","1619","111","6","pizza.bmp","","","","","","","","",""
"","1844","81","1844","-1","pre_task","poldrack-single-stim","114","314067","0.0-1.0-112.0","go_nogo","true","0","","<div class = bigBox><div class = pictureBox><img class='img.displayed' src='/static/experiments/gng_food/images/jollyrancheryellow.bmp'></img></div><div class = sliderbox><div class = buttonBox><div class = Button1><input type=""button"" id = ""button1"" value=""1"" onClick = ""pressSubmit(1, 81)""></div><div class = Button2><input type=""button"" id = ""button2"" value=""2"" onClick = ""pressSubmit(2, 81)""></div><div class = Button3><input type=""button"" id = ""button3"" value=""3"" onClick = ""pressSubmit(3, 81)""></div><div class = Button4><input type=""button"" id = ""button4"" value=""4"" onClick = ""pressSubmit(4, 81)""></div><div class = Button5><input type=""button"" id = ""button5"" value=""5"" onClick = ""pressSubmit(5, 81)""></div><div class = Button6><input type=""button"" id = ""button6"" value=""6"" onClick = ""pressSubmit(6, 81)""></div><div class = Button7><input type=""button"" id = ""button7"" value=""7"" onClick = ""pressSubmit(7, 81)""></div></div></div></div>","81","1844","112","2","jollyrancheryellow.bmp","","","","","","","","",""
"","3104","81","3104","-1","pre_task","poldrack-single-stim","115","317172","0.0-1.0-113.0","go_nogo","true","0","","<div class = bigBox><div class = pictureBox><img class='img.displayed' src='/static/experiments/gng_food/images/Whatchamacallit.bmp'></img></div><div class = sliderbox><div class = buttonBox><div class = Button1><input type=""button"" id = ""button1"" value=""1"" onClick = ""pressSubmit(1, 81)""></div><div class = Button2><input type=""button"" id = ""button2"" value=""2"" onClick = ""pressSubmit(2, 81)""></div><div class = Button3><input type=""button"" id = ""button3"" value=""3"" onClick = ""pressSubmit(3, 81)""></div><div class = Button4><input type=""button"" id = ""button4"" value=""4"" onClick = ""pressSubmit(4, 81)""></div><div class = Button5><input type=""button"" id = ""button5"" value=""5"" onClick = ""pressSubmit(5, 81)""></div><div class = Button6><input type=""button"" id = ""button6"" value=""6"" onClick = ""pressSubmit(6, 81)""></div><div class = Button7><input type=""button"" id = ""button7"" value=""7"" onClick = ""pressSubmit(7, 81)""></div></div></div></div>","81","3104","113","4","Whatchamacallit.bmp","","","","","","","","",""
"","1563","81","1563","-1","pre_task","poldrack-single-stim","116","318736","0.0-1.0-114.0","go_nogo","true","0","","<div class = bigBox><div class = pictureBox><img class='img.displayed' src='/static/experiments/gng_food/images/WheatThins.bmp'></img></div><div class = sliderbox><div class = buttonBox><div class = Button1><input type=""button"" id = ""button1"" value=""1"" onClick = ""pressSubmit(1, 81)""></div><div class = Button2><input type=""button"" id = ""button2"" value=""2"" onClick = ""pressSubmit(2, 81)""></div><div class = Button3><input type=""button"" id = ""button3"" value=""3"" onClick = ""pressSubmit(3, 81)""></div><div class = Button4><input type=""button"" id = ""button4"" value=""4"" onClick = ""pressSubmit(4, 81)""></div><div class = Button5><input type=""button"" id = ""button5"" value=""5"" onClick = ""pressSubmit(5, 81)""></div><div class = Button6><input type=""button"" id = ""button6"" value=""6"" onClick = ""pressSubmit(6, 81)""></div><div class = Button7><input type=""button"" id = ""button7"" value=""7"" onClick = ""pressSubmit(7, 81)""></div></div></div></div>","81","1563","114","3","WheatThins.bmp","","","","","","","","",""
"","2609","81","2609","-1","pre_task","poldrack-single-stim","117","321346","0.0-1.0-115.0","go_nogo","true","0","","<div class = bigBox><div class = pictureBox><img class='img.displayed' src='/static/experiments/gng_food/images/Skittles.bmp'></img></div><div class = sliderbox><div class = buttonBox><div class = Button1><input type=""button"" id = ""button1"" value=""1"" onClick = ""pressSubmit(1, 81)""></div><div class = Button2><input type=""button"" id = ""button2"" value=""2"" onClick = ""pressSubmit(2, 81)""></div><div class = Button3><input type=""button"" id = ""button3"" value=""3"" onClick = ""pressSubmit(3, 81)""></div><div class = Button4><input type=""button"" id = ""button4"" value=""4"" onClick = ""pressSubmit(4, 81)""></div><div class = Button5><input type=""button"" id = ""button5"" value=""5"" onClick = ""pressSubmit(5, 81)""></div><div class = Button6><input type=""button"" id = ""button6"" value=""6"" onClick = ""pressSubmit(6, 81)""></div><div class = Button7><input type=""button"" id = ""button7"" value=""7"" onClick = ""pressSubmit(7, 81)""></div></div></div></div>","81","2609","115","4","Skittles.bmp","","","","","","","","",""
"","1203","81","1203","-1","pre_task","poldrack-single-stim","118","322550","0.0-1.0-116.0","go_nogo","true","0","","<div class = bigBox><div class = pictureBox><img class='img.displayed' src='/static/experiments/gng_food/images/laysclassic.bmp'></img></div><div class = sliderbox><div class = buttonBox><div class = Button1><input type=""button"" id = ""button1"" value=""1"" onClick = ""pressSubmit(1, 81)""></div><div class = Button2><input type=""button"" id = ""button2"" value=""2"" onClick = ""pressSubmit(2, 81)""></div><div class = Button3><input type=""button"" id = ""button3"" value=""3"" onClick = ""pressSubmit(3, 81)""></div><div class = Button4><input type=""button"" id = ""button4"" value=""4"" onClick = ""pressSubmit(4, 81)""></div><div class = Button5><input type=""button"" id = ""button5"" value=""5"" onClick = ""pressSubmit(5, 81)""></div><div class = Button6><input type=""button"" id = ""button6"" value=""6"" onClick = ""pressSubmit(6, 81)""></div><div class = Button7><input type=""button"" id = ""button7"" value=""7"" onClick = ""pressSubmit(7, 81)""></div></div></div></div>","81","1203","116","5","laysclassic.bmp","","","","","","","","",""
"","3509","81","3509","-1","pre_task","poldrack-single-stim","119","326060","0.0-1.0-117.0","go_nogo","true","0","","<div class = bigBox><div class = pictureBox><img class='img.displayed' src='/static/experiments/gng_food/images/wheatcrisps.bmp'></img></div><div class = sliderbox><div class = buttonBox><div class = Button1><input type=""button"" id = ""button1"" value=""1"" onClick = ""pressSubmit(1, 81)""></div><div class = Button2><input type=""button"" id = ""button2"" value=""2"" onClick = ""pressSubmit(2, 81)""></div><div class = Button3><input type=""button"" id = ""button3"" value=""3"" onClick = ""pressSubmit(3, 81)""></div><div class = Button4><input type=""button"" id = ""button4"" value=""4"" onClick = ""pressSubmit(4, 81)""></div><div class = Button5><input type=""button"" id = ""button5"" value=""5"" onClick = ""pressSubmit(5, 81)""></div><div class = Button6><input type=""button"" id = ""button6"" value=""6"" onClick = ""pressSubmit(6, 81)""></div><div class = Button7><input type=""button"" id = ""button7"" value=""7"" onClick = ""pressSubmit(7, 81)""></div></div></div></div>","81","3509","117","3","wheatcrisps.bmp","","","","","","","","",""
"","1956","81","1956","-1","pre_task","poldrack-single-stim","120","328017","0.0-1.0-118.0","go_nogo","true","0","","<div class = bigBox><div class = pictureBox><img class='img.displayed' src='/static/experiments/gng_food/images/RiceKrispyTreat_small.bmp'></img></div><div class = sliderbox><div class = buttonBox><div class = Button1><input type=""button"" id = ""button1"" value=""1"" onClick = ""pressSubmit(1, 81)""></div><div class = Button2><input type=""button"" id = ""button2"" value=""2"" onClick = ""pressSubmit(2, 81)""></div><div class = Button3><input type=""button"" id = ""button3"" value=""3"" onClick = ""pressSubmit(3, 81)""></div><div class = Button4><input type=""button"" id = ""button4"" value=""4"" onClick = ""pressSubmit(4, 81)""></div><div class = Button5><input type=""button"" id = ""button5"" value=""5"" onClick = ""pressSubmit(5, 81)""></div><div class = Button6><input type=""button"" id = ""button6"" value=""6"" onClick = ""pressSubmit(6, 81)""></div><div class = Button7><input type=""button"" id = ""button7"" value=""7"" onClick = ""pressSubmit(7, 81)""></div></div></div></div>","81","1956","118","7","RiceKrispyTreat_small.bmp","","","","","","","","",""
"","","","","","","call-function","121","328020","0.0-2.0","go_nogo","true","0","","","","","","","","","","","","","","","",""
"","","","","","","call-function","122","328020","0.0-3.0","go_nogo","true","0","","","","","","","","","","","","","","","",""
"","","","","","","call-function","123","328020","0.0-4.0","go_nogo","true","0","","","","","","","","","","","","","","","",""
"","","","","","","call-function","124","328020","0.0-5.0","go_nogo","true","0","","","","","","","","","","","","","","","",""
"","","","","","","call-function","125","328021","0.0-6.0","go_nogo","true","0","","","","","","","","","","","","","","","",""
"","","","","","","call-function","126","328021","0.0-7.0","go_nogo","true","0","","","","","","","","","","","","","","","",""
"","","","","","","call-function","127","328021","0.0-8.0","go_nogo","true","0","","","","","","","","","","","","","","","",""
"","25264","","","","instruction","poldrack-instructions","128","353285","0.0-9.0","go_nogo","true","0","[{""page_index"":0,""viewing_time"":25264}]","","","","","","","","","","","","","","",""
"","-1000","-1","","","practice","single-audio","129","354361","0.0-10.0-0.0","go_nogo","true","0","","","","","119","","","practice","-1","true","ffraspsorbet.bmp","","","","",""
"","-1000","-1","","","practice","single-audio","130","355655","0.0-10.0-1.0","go_nogo","true","0","","","","","120","","","practice","-1","true","slimfastV.bmp","","","","",""
"","677.8684807259197","32","","","practice","single-audio","131","356921","0.0-10.0-2.0","go_nogo","true","0","","","","","121","","","practice","32","true","brocollincauliflower.bmp","","","","",""
"","660.4535147394017","32","","","practice","single-audio","132","357954","0.0-10.0-3.0","go_nogo","true","0","","","","","122","","","practice","32","true","Skittles.bmp","","","","",""
"","538.5487528346857","32","","","practice","single-audio","133","359121","0.0-10.0-4.0","go_nogo","true","0","","","","","123","","","practice","32","true","redvines_small.bmp","","","","",""
"","-1000","-1","","","practice","single-audio","134","360483","0.0-10.0-5.0","go_nogo","true","0","","","","","124","","","practice","-1","true","specialKbar.bmp","","","","",""
"","567.5736961452458","32","","","practice","single-audio","135","361802","0.0-10.0-6.0","go_nogo","true","0","","","","","125","","","practice","32","true","bbqgoldfish.bmp","","","","",""
"","-1000","-1","","","practice","single-audio","136","362824","0.0-10.0-7.0","go_nogo","true","0","","","","","126","","","practice","-1","true","PeanutMMs.bmp","","","","",""
"","480.49886621356563","32","","","practice","single-audio","137","364218","0.0-10.0-8.0","go_nogo","true","0","","","","","127","","","practice","32","true","almondjoy.bmp","","","","",""
"","-1000","-1","","","practice","single-audio","138","365657","0.0-10.0-9.0","go_nogo","true","0","","","","","128","","","practice","-1","true","haagendaas.bmp","","","","",""
"","492.10884353760775","32","","","practice","single-audio","139","366922","0.0-10.0-10.0","go_nogo","true","0","","","","","129","","","practice","32","true","WheatThins.bmp","","","","",""
"","805.5782312926567","32","","","practice","single-audio","140","368414","0.0-10.0-11.0","go_nogo","true","0","","","","","130","","","practice","32","true","jollyrancheryellow.bmp","","","","",""
"","-1000","-1","","","practice","single-audio","141","369877","0.0-10.0-12.0","go_nogo","true","0","","","","","131","","","practice","-1","true","ChocolateDonuts.bmp","","","","",""
"","-1000","-1","","","practice","single-audio","142","371210","0.0-10.0-13.0","go_nogo","true","0","","","","","132","","","practice","-1","true","jollyrancherblue.bmp","","","","",""
"","648.8435374149049","32","","","practice","single-audio","143","372407","0.0-10.0-14.0","go_nogo","true","0","","","","","133","","","practice","32","true","wheatcrisps.bmp","","","","",""
"","579.1836734692879","32","","","practice","single-audio","144","373534","0.0-10.0-15.0","go_nogo","true","0","","","","","134","","","practice","32","true","Goldfish.bmp","","","","",""
"","584.9886621317637","32","","","practice","single-audio","145","374538","0.0-10.0-16.0","go_nogo","true","0","","","","","135","","","practice","32","true","Funyuns_small.bmp","","","","",""
"","-1000","-1","","","practice","single-audio","146","375943","0.0-10.0-17.0","go_nogo","true","0","","","","","136","","","practice","-1","true","PowderedDonuts_small.bmp","","","","",""
"","-1000","-1","","","practice","single-audio","147","377238","0.0-10.0-18.0","go_nogo","true","0","","","","","137","","","practice","-1","true","donettesbrown.bmp","","","","",""
"","-1000","-1","","","practice","single-audio","148","378602","0.0-10.0-19.0","go_nogo","true","0","","","","","138","","","practice","-1","true","Sourpatch.bmp","","","","",""
"","544.3537414967068","32","","","practice","single-audio","149","379693","0.0-10.0-20.0","go_nogo","true","0","","","","","139","","","practice","32","true","ApplePie.bmp","","","","",""
"","544.3537414967068","32","","","practice","single-audio","150","380883","0.0-10.0-21.0","go_nogo","true","0","","","","","140","","","practice","32","true","SnoBall.bmp","","","","",""
"","-1000","-1","","","practice","single-audio","151","382131","0.0-10.0-22.0","go_nogo","true","0","","","","","141","","","practice","-1","true","laffytaffyred_one.bmp","","","","",""
"","-1000","-1","","","practice","single-audio","152","383315","0.0-10.0-23.0","go_nogo","true","0","","","","","142","","","practice","-1","true","PopTartsStrawberry.bmp","","","","",""
"","","","","","reset_trial","call-function","153","383315","0.0-12.0","go_nogo","true","0","","","","","","","","","","","","","","","",""
"<div class = bigBox><p class = ratingPadding><font color = ""white"">Practice is over, we will now begin the experiment.</font></p><p class = padding2><font color = ""white""> You will no longer get feedback about your responses. Remember, when you hear the high-pitched tone you should respond and when you hear the low-pitched tone you should not respond.Press <strong>enter</strong> to begin.</font></p></div>","6744","13","6744","-1","test_intro","poldrack-text","154","390061","0.0-13.0","go_nogo","true","0","","","","","","","","","","","","","","","",""
"","-1000","-1","","","test_block_nogo","single-audio","155","391227","0.0-14.0-0.0","go_nogo","true","0","","","","","0","","","test_block_1","-1","true","RitzBitz2.bmp","","","","",""
"","538.5487528346857","32","","","test_block_go","single-audio","156","392661","0.0-14.0-1.0","go_nogo","true","0","","","","","1","","","test_block_1","32","true","whitegrapes.bmp","","","","",""
"","-1000","-1","","","test_block_nogo","single-audio","157","394067","0.0-14.0-2.0","go_nogo","true","0","","","","","2","","","test_block_1","-1","true","KitKat_small.bmp","","","","",""
"","550.1587301587278","32","","","test_block_go","single-audio","158","395261","0.0-14.0-3.0","go_nogo","true","0","","","","","3","","","test_block_1","32","true","FamousAmos_small.bmp","","","","",""
"","521.1337868481678","32","","","test_block_go","single-audio","159","396358","0.0-14.0-4.0","go_nogo","true","0","","","","","4","","","test_block_1","32","true","Ruffles.bmp","","","","",""
"","497.9138321996288","32","","","test_block_go","single-audio","160","397693","0.0-14.0-5.0","go_nogo","true","0","","","","","5","","","test_block_1","32","true","wwbrownie.bmp","","","","",""
"","619.8185941047996","32","","","test_block_go","single-audio","161","398714","0.0-14.0-6.0","go_nogo","true","0","","","","","6","","","test_block_1","32","true","keeblerfudgestripes.bmp","","","","",""
"","-1000","-1","","","test_block_nogo","single-audio","162","400110","0.0-14.0-7.0","go_nogo","true","0","","","","","7","","","test_block_1","-1","true","strawberries.bmp","","","","",""
"","590.7936507937848","32","","","test_block_go","single-audio","163","401333","0.0-14.0-8.0","go_nogo","true","0","","","","","8","","","test_block_1","32","true","cookiencream.bmp","","","","",""
"","614.0136054423238","32","","","test_block_go","single-audio","164","402511","0.0-14.0-9.0","go_nogo","true","0","","","","","9","","","test_block_1","32","true","FlamingCheetos.bmp","","","","",""
"","526.9387755101889","32","","","test_block_go","single-audio","165","403811","0.0-14.0-10.0","go_nogo","true","0","","","","","10","","","test_block_1","32","true","Musketeers.bmp","","","","",""
"","-1000","-1","","","test_block_nogo","single-audio","166","404874","0.0-14.0-11.0","go_nogo","true","0","","","","","11","","","test_block_1","-1","true","reddelicious.bmp","","","","",""
"","526.9387755101889","32","","","test_block_go","single-audio","167","406186","0.0-14.0-12.0","go_nogo","true","0","","","","","12","","","test_block_1","32","true","snickers.bmp","","","","",""
"","567.5736961452458","32","","","test_block_go","single-audio","168","407308","0.0-14.0-13.0","go_nogo","true","0","","","","","13","","","test_block_1","32","true","Ghiradelli_milk_Almonds.bmp","","","","",""
"","550.1587301587278","32","","","test_block_go","single-audio","169","408595","0.0-14.0-14.0","go_nogo","true","0","","","","","14","","","test_block_1","32","true","mixedyogart.bmp","","","","",""
"","579.1836734692879","32","","","test_block_go","single-audio","170","409730","0.0-14.0-15.0","go_nogo","true","0","","","","","15","","","test_block_1","32","true","Pringles.bmp","","","","",""
"","503.7188208616499","32","","","test_block_go","single-audio","171","411102","0.0-14.0-16.0","go_nogo","true","0","","","","","16","","","test_block_1","32","true","vanillapudding.bmp","","","","",""
"","544.353741496252","32","","","test_block_go","single-audio","172","412512","0.0-14.0-17.0","go_nogo","true","0","","","","","17","","","test_block_1","32","true","pringlescheezums.bmp","","","","",""
"","619.8185941043448","32","","","test_block_go","single-audio","173","413662","0.0-14.0-18.0","go_nogo","true","0","","","","","18","","","test_block_1","32","true","ChipsAhoy_small.bmp","","","","",""
"","561.76870748277","32","","","test_block_go","single-audio","174","414783","0.0-14.0-19.0","go_nogo","true","0","","","","","19","","","test_block_1","32","true","wildberrynerds.bmp","","","","",""
"","555.9637188207489","32","","","test_block_go","single-audio","175","416266","0.0-14.0-20.0","go_nogo","true","0","","","","","20","","","test_block_1","32","true","Lindt_small.bmp","","","","",""
"","492.10884353760775","32","","","test_block_nogo","single-audio","176","417505","0.0-14.0-21.0","go_nogo","true","0","","","","","21","","","test_block_1","-1","false","nutterbutter.bmp","","","","",""
"","-1000","-1","","","test_block_nogo","single-audio","177","418672","0.0-14.0-22.0","go_nogo","true","0","","","","","22","","","test_block_1","-1","true","TeddyGrahamsplain_small.bmp","","","","",""
"","567.5736961452458","32","","","test_block_go","single-audio","178","419995","0.0-14.0-23.0","go_nogo","true","0","","","","","23","","","test_block_1","32","true","AppleJacks.bmp","","","","",""
"","526.9387755101889","32","","","test_block_go","single-audio","179","421452","0.0-14.0-24.0","go_nogo","true","0","","","","","24","","","test_block_1","32","true","Ghiradelli_milk.bmp","","","","",""
"","480.4988662131109","32","","","test_block_go","single-audio","180","422793","0.0-14.0-25.0","go_nogo","true","0","","","","","25","","","test_block_1","32","true","chocpudding.bmp","","","","",""
"","544.3537414967068","32","","","test_block_go","single-audio","181","423956","0.0-14.0-26.0","go_nogo","true","0","","","","","26","","","test_block_1","32","true","trix.bmp","","","","",""
"","596.5986394558058","32","","","test_block_go","single-audio","182","425049","0.0-14.0-27.0","go_nogo","true","0","","","","","27","","","test_block_1","32","true","pizza.bmp","","","","",""
"","-1000","-1","","","test_block_nogo","single-audio","183","426340","0.0-14.0-28.0","go_nogo","true","0","","","","","28","","","test_block_1","-1","true","cherryicecream.bmp","","","","",""
"","538.5487528346857","32","","","test_block_go","single-audio","184","427541","0.0-14.0-29.0","go_nogo","true","0","","","","","29","","","test_block_1","32","true","keeblerrainbow.bmp","","","","",""
"","-1000","-1","","","test_block_nogo","single-audio","185","428627","0.0-14.0-30.0","go_nogo","true","0","","","","","30","","","test_block_1","-1","true","Fritos.bmp","","","","",""
"","515.3287981861467","32","","","test_block_go","single-audio","186","430043","0.0-14.0-31.0","go_nogo","true","0","","","","","31","","","test_block_1","32","true","butterfinger.bmp","","","","",""
"","695.2834467119828","32","","","test_block_go","single-audio","187","431076","0.0-14.0-32.0","go_nogo","true","0","","","","","32","","","test_block_1","32","true","TeddyGrahamschocolate.bmp","","","","",""
"","-1000","-1","","","test_block_nogo","single-audio","188","432170","0.0-14.0-33.0","go_nogo","true","0","","","","","33","","","test_block_1","-1","true","Twix.bmp","","","","",""
"","352.78911564637383","32","","","test_block_go","single-audio","189","433555","0.0-14.0-34.0","go_nogo","true","0","","","","","34","","","test_block_1","32","true","Crunch.bmp","","","","",""
"","555.9637188212037","32","","","test_block_go","single-audio","190","434855","0.0-14.0-35.0","go_nogo","true","0","","","","","35","","","test_block_1","32","true","frostedcheerios.bmp","","","","",""
"","608.2086167803027","32","","","test_block_go","single-audio","191","436295","0.0-14.0-36.0","go_nogo","true","0","","","","","36","","","test_block_1","32","true","grannysmith.bmp","","","","",""
"","561.76870748277","32","","","test_block_go","single-audio","192","437700","0.0-14.0-37.0","go_nogo","true","0","","","","","37","","","test_block_1","32","true","Cupcakes.bmp","","","","",""
"","567.5736961452458","32","","","test_block_go","single-audio","193","439104","0.0-14.0-38.0","go_nogo","true","0","","","","","38","","","test_block_1","32","true","luckycharms.bmp","","","","",""
"","567.5736961452458","32","","","test_block_go","single-audio","194","440546","0.0-14.0-39.0","go_nogo","true","0","","","","","39","","","test_block_1","32","true","Toberlorone.bmp","","","","",""
"","625.6235827663659","32","","","test_block_go","single-audio","195","442001","0.0-14.0-40.0","go_nogo","true","0","","","","","40","","","test_block_1","32","true","TeddyGrahamsCinnamon.bmp","","","","",""
"","596.5986394562606","32","","","test_block_go","single-audio","196","443185","0.0-14.0-41.0","go_nogo","true","0","","","","","41","","","test_block_1","32","true","redgrapes.bmp","","","","",""
"","590.7936507937848","32","","","test_block_go","single-audio","197","444410","0.0-14.0-42.0","go_nogo","true","0","","","","","42","","","test_block_1","32","true","hersheymilk_several.bmp","","","","",""
"","602.4036281182816","32","","","test_block_go","single-audio","198","445821","0.0-14.0-43.0","go_nogo","true","0","","","","","43","","","test_block_1","32","true","wwmuffin.bmp","","","","",""
"","555.9637188212037","32","","","test_block_go","single-audio","199","446946","0.0-14.0-44.0","go_nogo","true","0","","","","","44","","","test_block_1","32","true","TootsieRolls.bmp","","","","",""
"","590.7936507937848","32","","","test_block_go","single-audio","200","447976","0.0-14.0-45.0","go_nogo","true","0","","","","","45","","","test_block_1","32","true","milano.bmp","","","","",""
"","596.5986394562606","32","","","test_block_go","single-audio","201","449152","0.0-14.0-46.0","go_nogo","true","0","","","","","46","","","test_block_1","32","true","hersheykisses.bmp","","","","",""
"","-1000","-1","","","test_block_nogo","single-audio","202","450307","0.0-14.0-47.0","go_nogo","true","0","","","","","47","","","test_block_1","-1","true","RiceKrispyTreat_small.bmp","","","","",""
"","544.3537414967068","32","","","test_block_go","single-audio","203","451503","0.0-14.0-48.0","go_nogo","true","0","","","","","48","","","test_block_1","32","true","lollipopred.bmp","","","","",""
"","677.8684807259197","32","","","test_block_go","single-audio","204","452600","0.0-14.0-49.0","go_nogo","true","0","","","","","49","","","test_block_1","32","true","Doritosranch.bmp","","","","",""
"","561.7687074832247","32","","","test_block_go","single-audio","205","453628","0.0-14.0-50.0","go_nogo","true","0","","","","","50","","","test_block_1","32","true","blueberryyogart.bmp","","","","",""
"","567.5736961452458","32","","","test_block_go","single-audio","206","454964","0.0-14.0-51.0","go_nogo","true","0","","","","","51","","","test_block_1","32","true","FrootLoops.bmp","","","","",""
"","526.9387755101889","32","","","test_block_go","single-audio","207","456014","0.0-14.0-52.0","go_nogo","true","0","","","","","52","","","test_block_1","32","true","HoHo.bmp","","","","",""
"","521.1337868481678","32","","","test_block_go","single-audio","208","457122","0.0-14.0-53.0","go_nogo","true","0","","","","","53","","","test_block_1","32","true","granolabar.bmp","","","","",""
"","-1000","-1","","","test_block_nogo","single-audio","209","458283","0.0-14.0-54.0","go_nogo","true","0","","","","","54","","","test_block_1","-1","true","AnimalCrackers.bmp","","","","",""
"","567.5736961452458","32","","","test_block_go","single-audio","210","459786","0.0-14.0-55.0","go_nogo","true","0","","","","","55","","","test_block_1","32","true","Reeses.bmp","","","","",""
"","538.548752834231","32","","","test_block_go","single-audio","211","460896","0.0-14.0-56.0","go_nogo","true","0","","","","","56","","","test_block_1","32","true","banana.bmp","","","","",""
"","-1000","-1","","","test_block_nogo","single-audio","212","462347","0.0-14.0-57.0","go_nogo","true","0","","","","","57","","","test_block_1","-1","true","grapenerds.bmp","","","","",""
"","288.9342403627779","32","","","test_block_go","single-audio","213","463705","0.0-14.0-58.0","go_nogo","true","0","","","","","58","","","test_block_1","32","true","Oreos.bmp","","","","",""
"","526.9387755101889","32","","","test_block_go","single-audio","214","465063","0.0-14.0-59.0","go_nogo","true","0","","","","","59","","","test_block_1","32","true","MrsFields.bmp","","","","",""
"","","","","","reset_trial","call-function","215","465063","0.0-16.0","go_nogo","true","0","","","","","","","","","","","","","","","",""
"","561.76870748277","32","","","test_block_go","single-audio","216","466073","0.0-17.0-0.0","go_nogo","true","0","","","","","0","","","test_block_2","32","true","Lindt_small.bmp","","","","",""
"","555.9637188207489","32","","","test_block_go","single-audio","217","467275","0.0-17.0-1.0","go_nogo","true","0","","","","","1","","","test_block_2","32","true","mixedyogart.bmp","","","","",""
"","-1000","-1","","","test_block_nogo","single-audio","218","468482","0.0-17.0-2.0","go_nogo","true","0","","","","","2","","","test_block_2","-1","true","grapenerds.bmp","","","","",""
"","497.9138321996288","32","","","test_block_go","single-audio","219","469604","0.0-17.0-3.0","go_nogo","true","0","","","","","3","","","test_block_2","32","true","Doritosranch.bmp","","","","",""
"","-1000","-1","","","test_block_nogo","single-audio","220","470717","0.0-17.0-4.0","go_nogo","true","0","","","","","4","","","test_block_2","-1","true","Fritos.bmp","","","","",""
"","-1000","-1","","","test_block_nogo","single-audio","221","472094","0.0-17.0-5.0","go_nogo","true","0","","","","","5","","","test_block_2","-1","true","TeddyGrahamsplain_small.bmp","","","","",""
"","497.9138321996288","32","","","test_block_go","single-audio","222","473120","0.0-17.0-6.0","go_nogo","true","0","","","","","6","","","test_block_2","32","true","Reeses.bmp","","","","",""
"","-1000","-1","","","test_block_nogo","single-audio","223","474287","0.0-17.0-7.0","go_nogo","true","0","","","","","7","","","test_block_2","-1","true","nutterbutter.bmp","","","","",""
"","509.52380952367093","32","","","test_block_go","single-audio","224","475404","0.0-17.0-8.0","go_nogo","true","0","","","","","8","","","test_block_2","32","true","redgrapes.bmp","","","","",""
"","-1000","-1","","","test_block_nogo","single-audio","225","476838","0.0-17.0-9.0","go_nogo","true","0","","","","","9","","","test_block_2","-1","true","Twix.bmp","","","","",""
"","-1000","-1","","","test_block_nogo","single-audio","226","478106","0.0-17.0-10.0","go_nogo","true","0","","","","","10","","","test_block_2","-1","true","reddelicious.bmp","","","","",""
"","672.0634920638986","32","","","test_block_go","single-audio","227","479429","0.0-17.0-11.0","go_nogo","true","0","","","","","11","","","test_block_2","32","true","FamousAmos_small.bmp","","","","",""
"","643.0385487528838","32","","","test_block_go","single-audio","228","480590","0.0-17.0-12.0","go_nogo","true","0","","","","","12","","","test_block_2","32","true","wwbrownie.bmp","","","","",""
"","648.8435374153596","32","","","test_block_go","single-audio","229","481990","0.0-17.0-13.0","go_nogo","true","0","","","","","13","","","test_block_2","32","true","wildberrynerds.bmp","","","","",""
"","602.4036281178269","32","","","test_block_go","single-audio","230","483011","0.0-17.0-14.0","go_nogo","true","0","","","","","14","","","test_block_2","32","true","keeblerrainbow.bmp","","","","",""
"","614.013605441869","32","","","test_block_go","single-audio","231","484387","0.0-17.0-15.0","go_nogo","true","0","","","","","15","","","test_block_2","32","true","Ghiradelli_milk.bmp","","","","",""
"","643.0385487528838","32","","","test_block_go","single-audio","232","485774","0.0-17.0-16.0","go_nogo","true","0","","","","","16","","","test_block_2","32","true","keeblerfudgestripes.bmp","","","","",""
"","550.1587301587278","32","","","test_block_go","single-audio","233","486837","0.0-17.0-17.0","go_nogo","true","0","","","","","17","","","test_block_2","32","true","HoHo.bmp","","","","",""
"","-1000","-1","","","test_block_nogo","single-audio","234","488282","0.0-17.0-18.0","go_nogo","true","0","","","","","18","","","test_block_2","-1","true","strawberries.bmp","","","","",""
"","521.1337868481678","32","","","test_block_go","single-audio","235","489780","0.0-17.0-19.0","go_nogo","true","0","","","","","19","","","test_block_2","32","true","hersheymilk_several.bmp","","","","",""
"","573.3786848072668","32","","","test_block_go","single-audio","236","490877","0.0-17.0-20.0","go_nogo","true","0","","","","","20","","","test_block_2","32","true","vanillapudding.bmp","","","","",""
"","567.5736961452458","32","","","test_block_go","single-audio","237","492177","0.0-17.0-21.0","go_nogo","true","0","","","","","21","","","test_block_2","32","true","pizza.bmp","","","","",""
"","-1000","-1","","","test_block_nogo","single-audio","238","493431","0.0-17.0-22.0","go_nogo","true","0","","","","","22","","","test_block_2","-1","true","RitzBitz2.bmp","","","","",""
"","555.9637188207489","32","","","test_block_go","single-audio","239","494667","0.0-17.0-23.0","go_nogo","true","0","","","","","23","","","test_block_2","32","true","Ruffles.bmp","","","","",""
"","614.0136054423238","32","","","test_block_go","single-audio","240","495880","0.0-17.0-24.0","go_nogo","true","0","","","","","24","","","test_block_2","32","true","grannysmith.bmp","","","","",""
"","-1000","-1","","","test_block_nogo","single-audio","241","497012","0.0-17.0-25.0","go_nogo","true","0","","","","","25","","","test_block_2","-1","true","AnimalCrackers.bmp","","","","",""
"","573.3786848077216","32","","","test_block_go","single-audio","242","498040","0.0-17.0-26.0","go_nogo","true","0","","","","","26","","","test_block_2","32","true","TeddyGrahamschocolate.bmp","","","","",""
"","625.6235827668206","32","","","test_block_go","single-audio","243","499401","0.0-17.0-27.0","go_nogo","true","0","","","","","27","","","test_block_2","32","true","butterfinger.bmp","","","","",""
"","503.7188208621046","32","","","test_block_go","single-audio","244","500704","0.0-17.0-28.0","go_nogo","true","0","","","","","28","","","test_block_2","32","true","luckycharms.bmp","","","","",""
"","550.1587301587278","32","","","test_block_go","single-audio","245","501999","0.0-17.0-29.0","go_nogo","true","0","","","","","29","","","test_block_2","32","true","FlamingCheetos.bmp","","","","",""
"","526.9387755101889","32","","","test_block_go","single-audio","246","503171","0.0-17.0-30.0","go_nogo","true","0","","","","","30","","","test_block_2","32","true","ChipsAhoy_small.bmp","","","","",""
"","538.5487528346857","32","","","test_block_go","single-audio","247","504366","0.0-17.0-31.0","go_nogo","true","0","","","","","31","","","test_block_2","32","true","Cupcakes.bmp","","","","",""
"","509.5238095241257","32","","","test_block_go","single-audio","248","505389","0.0-17.0-32.0","go_nogo","true","0","","","","","32","","","test_block_2","32","true","frostedcheerios.bmp","","","","",""
"","567.5736961452458","32","","","test_block_go","single-audio","249","506845","0.0-17.0-33.0","go_nogo","true","0","","","","","33","","","test_block_2","32","true","MrsFields.bmp","","","","",""
"","486.30385487513195","32","","","test_block_go","single-audio","250","508041","0.0-17.0-34.0","go_nogo","true","0","","","","","34","","","test_block_2","32","true","Musketeers.bmp","","","","",""
"","567.5736961452458","32","","","test_block_go","single-audio","251","509158","0.0-17.0-35.0","go_nogo","true","0","","","","","35","","","test_block_2","32","true","whitegrapes.bmp","","","","",""
"","555.9637188207489","32","","","test_block_go","single-audio","252","510410","0.0-17.0-36.0","go_nogo","true","0","","","","","36","","","test_block_2","32","true","snickers.bmp","","","","",""
"","555.9637188212037","32","","","test_block_go","single-audio","253","511530","0.0-17.0-37.0","go_nogo","true","0","","","","","37","","","test_block_2","32","true","TootsieRolls.bmp","","","","",""
"","555.9637188207489","32","","","test_block_go","single-audio","254","512987","0.0-17.0-38.0","go_nogo","true","0","","","","","38","","","test_block_2","32","true","wwmuffin.bmp","","","","",""
"","666.2585034014228","32","","","test_block_go","single-audio","255","514276","0.0-17.0-39.0","go_nogo","true","0","","","","","39","","","test_block_2","32","true","FrootLoops.bmp","","","","",""
"","555.9637188207489","32","","","test_block_go","single-audio","256","515437","0.0-17.0-40.0","go_nogo","true","0","","","","","40","","","test_block_2","32","true","chocpudding.bmp","","","","",""
"","544.3537414967068","32","","","test_block_go","single-audio","257","516894","0.0-17.0-41.0","go_nogo","true","0","","","","","41","","","test_block_2","32","true","blueberryyogart.bmp","","","","",""
"","538.5487528346857","32","","","test_block_go","single-audio","258","518161","0.0-17.0-42.0","go_nogo","true","0","","","","","42","","","test_block_2","32","true","trix.bmp","","","","",""
"","625.6235827668206","32","","","test_block_go","single-audio","259","519366","0.0-17.0-43.0","go_nogo","true","0","","","","","43","","","test_block_2","32","true","milano.bmp","","","","",""
"","573.3786848072668","32","","","test_block_go","single-audio","260","520788","0.0-17.0-44.0","go_nogo","true","0","","","","","44","","","test_block_2","32","true","Pringles.bmp","","","","",""
"","555.9637188212037","32","","","test_block_go","single-audio","261","522159","0.0-17.0-45.0","go_nogo","true","0","","","","","45","","","test_block_2","32","true","Toberlorone.bmp","","","","",""
"","648.8435374149049","32","","","test_block_go","single-audio","262","523366","0.0-17.0-46.0","go_nogo","true","0","","","","","46","","","test_block_2","32","true","Crunch.bmp","","","","",""
"","555.9637188212037","32","","","test_block_go","single-audio","263","524863","0.0-17.0-47.0","go_nogo","true","0","","","","","47","","","test_block_2","32","true","AppleJacks.bmp","","","","",""
"","532.7437641722099","32","","","test_block_go","single-audio","264","525900","0.0-17.0-48.0","go_nogo","true","0","","","","","48","","","test_block_2","32","true","pringlescheezums.bmp","","","","",""
"","579.1836734697426","32","","","test_block_go","single-audio","265","527145","0.0-17.0-49.0","go_nogo","true","0","","","","","49","","","test_block_2","32","true","hersheykisses.bmp","","","","",""
"","492.10884353760775","32","","","test_block_go","single-audio","266","528370","0.0-17.0-50.0","go_nogo","true","0","","","","","50","","","test_block_2","32","true","TeddyGrahamsCinnamon.bmp","","","","",""
"","503.7188208616499","32","","","test_block_go","single-audio","267","529455","0.0-17.0-51.0","go_nogo","true","0","","","","","51","","","test_block_2","32","true","Oreos.bmp","","","","",""
"","567.5736961452458","32","","","test_block_go","single-audio","268","530483","0.0-17.0-52.0","go_nogo","true","0","","","","","52","","","test_block_2","32","true","cookiencream.bmp","","","","",""
"","-1000","-1","","","test_block_nogo","single-audio","269","531664","0.0-17.0-53.0","go_nogo","true","0","","","","","53","","","test_block_2","-1","true","KitKat_small.bmp","","","","",""
"","631.4285714288417","32","","","test_block_go","single-audio","270","532717","0.0-17.0-54.0","go_nogo","true","0","","","","","54","","","test_block_2","32","true","granolabar.bmp","","","","",""
"","619.8185941043448","32","","","test_block_go","single-audio","271","534099","0.0-17.0-55.0","go_nogo","true","0","","","","","55","","","test_block_2","32","true","lollipopred.bmp","","","","",""
"","-1000","-1","","","test_block_nogo","single-audio","272","535161","0.0-17.0-56.0","go_nogo","true","0","","","","","56","","","test_block_2","-1","true","cherryicecream.bmp","","","","",""
"","-1000","-1","","","test_block_nogo","single-audio","273","536606","0.0-17.0-57.0","go_nogo","true","0","","","","","57","","","test_block_2","-1","true","RiceKrispyTreat_small.bmp","","","","",""
"","515.3287981861467","32","","","test_block_go","single-audio","274","537622","0.0-17.0-58.0","go_nogo","true","0","","","","","58","","","test_block_2","32","true","Ghiradelli_milk_Almonds.bmp","","","","",""
"","521.1337868481678","32","","","test_block_go","single-audio","275","538636","0.0-17.0-59.0","go_nogo","true","0","","","","","59","","","test_block_2","32","true","banana.bmp","","","","",""
"","","","","","reset_trial","call-function","276","538636","0.0-19.0","go_nogo","true","0","","","","","","","","","","","","","","","",""
"","492.10884353760775","32","","","test_block_go","single-audio","277","540066","0.0-20.0-0.0","go_nogo","true","0","","","","","0","","","test_block_3","32","true","pizza.bmp","","","","",""
"","-1000","-1","","","test_block_nogo","single-audio","278","541560","0.0-20.0-1.0","go_nogo","true","0","","","","","1","","","test_block_3","-1","true","grapenerds.bmp","","","","",""
"","555.9637188207489","32","","","test_block_go","single-audio","279","542789","0.0-20.0-2.0","go_nogo","true","0","","","","","2","","","test_block_3","32","true","ChipsAhoy_small.bmp","","","","",""
"","521.1337868481678","32","","","test_block_go","single-audio","280","544124","0.0-20.0-3.0","go_nogo","true","0","","","","","3","","","test_block_3","32","true","Pringles.bmp","","","","",""
"","-1000","-1","","","test_block_nogo","single-audio","281","545186","0.0-20.0-4.0","go_nogo","true","0","","","","","4","","","test_block_3","-1","true","RitzBitz2.bmp","","","","",""
"","503.7188208621046","32","","","test_block_go","single-audio","282","546533","0.0-20.0-5.0","go_nogo","true","0","","","","","5","","","test_block_3","32","true","keeblerrainbow.bmp","","","","",""
"","590.7936507937848","32","","","test_block_go","single-audio","283","547711","0.0-20.0-6.0","go_nogo","true","0","","","","","6","","","test_block_3","32","true","keeblerfudgestripes.bmp","","","","",""
"","590.7936507937848","32","","","test_block_go","single-audio","284","548779","0.0-20.0-7.0","go_nogo","true","0","","","","","7","","","test_block_3","32","true","Musketeers.bmp","","","","",""
"","555.9637188207489","32","","","test_block_go","single-audio","285","549830","0.0-20.0-8.0","go_nogo","true","0","","","","","8","","","test_block_3","32","true","wwmuffin.bmp","","","","",""
"","521.1337868481678","32","","","test_block_go","single-audio","286","551292","0.0-20.0-9.0","go_nogo","true","0","","","","","9","","","test_block_3","32","true","frostedcheerios.bmp","","","","",""
"","567.5736961452458","32","","","test_block_go","single-audio","287","552325","0.0-20.0-10.0","go_nogo","true","0","","","","","10","","","test_block_3","32","true","butterfinger.bmp","","","","",""
"","509.5238095241257","32","","","test_block_go","single-audio","288","553620","0.0-20.0-11.0","go_nogo","true","0","","","","","11","","","test_block_3","32","true","mixedyogart.bmp","","","","",""
"","497.9138321996288","32","","","test_block_go","single-audio","289","554960","0.0-20.0-12.0","go_nogo","true","0","","","","","12","","","test_block_3","32","true","Toberlorone.bmp","","","","",""
"","555.9637188212037","32","","","test_block_go","single-audio","290","556424","0.0-20.0-13.0","go_nogo","true","0","","","","","13","","","test_block_3","32","true","pringlescheezums.bmp","","","","",""
"","521.1337868481678","32","","","test_block_go","single-audio","291","557503","0.0-20.0-14.0","go_nogo","true","0","","","","","14","","","test_block_3","32","true","TeddyGrahamsCinnamon.bmp","","","","",""
"","497.9138321996288","32","","","test_block_go","single-audio","292","558798","0.0-20.0-15.0","go_nogo","true","0","","","","","15","","","test_block_3","32","true","wildberrynerds.bmp","","","","",""
"","497.9138321996288","32","","","test_block_go","single-audio","293","559866","0.0-20.0-16.0","go_nogo","true","0","","","","","16","","","test_block_3","32","true","TeddyGrahamschocolate.bmp","","","","",""
"","486.30385487513195","32","","","test_block_go","single-audio","294","561206","0.0-20.0-17.0","go_nogo","true","0","","","","","17","","","test_block_3","32","true","TootsieRolls.bmp","","","","",""
"","526.9387755101889","32","","","test_block_go","single-audio","295","562665","0.0-20.0-18.0","go_nogo","true","0","","","","","18","","","test_block_3","32","true","hersheymilk_several.bmp","","","","",""
"","497.9138321996288","32","","","test_block_go","single-audio","296","563831","0.0-20.0-19.0","go_nogo","true","0","","","","","19","","","test_block_3","32","true","FlamingCheetos.bmp","","","","",""
"","492.108843537153","32","","","test_block_go","single-audio","297","565137","0.0-20.0-20.0","go_nogo","true","0","","","","","20","","","test_block_3","32","true","AppleJacks.bmp","","","","",""
"","492.10884353760775","32","","","test_block_go","single-audio","298","566466","0.0-20.0-21.0","go_nogo","true","0","","","","","21","","","test_block_3","32","true","blueberryyogart.bmp","","","","",""
"","509.52380952367093","32","","","test_block_go","single-audio","299","567778","0.0-20.0-22.0","go_nogo","true","0","","","","","22","","","test_block_3","32","true","snickers.bmp","","","","",""
"","526.9387755101889","32","","","test_block_go","single-audio","300","569026","0.0-20.0-23.0","go_nogo","true","0","","","","","23","","","test_block_3","32","true","cookiencream.bmp","","","","",""
"","492.10884353760775","32","","","test_block_go","single-audio","301","570365","0.0-20.0-24.0","go_nogo","true","0","","","","","24","","","test_block_3","32","true","Doritosranch.bmp","","","","",""
"","-1000","-1","","","test_block_nogo","single-audio","302","571764","0.0-20.0-25.0","go_nogo","true","0","","","","","25","","","test_block_3","-1","true","TeddyGrahamsplain_small.bmp","","","","",""
"","503.7188208621046","32","","","test_block_go","single-audio","303","573205","0.0-20.0-26.0","go_nogo","true","0","","","","","26","","","test_block_3","32","true","lollipopred.bmp","","","","",""
"","-1000","-1","","","test_block_nogo","single-audio","304","574474","0.0-20.0-27.0","go_nogo","true","0","","","","","27","","","test_block_3","-1","true","KitKat_small.bmp","","","","",""
"","439.863945578054","32","","","test_block_go","single-audio","305","575759","0.0-20.0-28.0","go_nogo","true","0","","","","","28","","","test_block_3","32","true","wwbrownie.bmp","","","","",""
"","701.0884353740039","32","","","test_block_go","single-audio","306","576766","0.0-20.0-29.0","go_nogo","true","0","","","","","29","","","test_block_3","32","true","luckycharms.bmp","","","","",""
"","619.8185941043448","32","","","test_block_go","single-audio","307","578209","0.0-20.0-30.0","go_nogo","true","0","","","","","30","","","test_block_3","32","true","Ruffles.bmp","","","","",""
"","526.9387755101889","32","","","test_block_go","single-audio","308","579538","0.0-20.0-31.0","go_nogo","true","0","","","","","31","","","test_block_3","32","true","Lindt_small.bmp","","","","",""
"","-1000","-1","","","test_block_nogo","single-audio","309","580585","0.0-20.0-32.0","go_nogo","true","0","","","","","32","","","test_block_3","-1","true","AnimalCrackers.bmp","","","","",""
"","567.573696144791","32","","","test_block_go","single-audio","310","581994","0.0-20.0-33.0","go_nogo","true","0","","","","","33","","","test_block_3","32","true","redgrapes.bmp","","","","",""
"","579.1836734692879","32","","","test_block_go","single-audio","311","583230","0.0-20.0-34.0","go_nogo","true","0","","","","","34","","","test_block_3","32","true","FrootLoops.bmp","","","","",""
"","521.1337868481678","32","","","test_block_go","single-audio","312","584583","0.0-20.0-35.0","go_nogo","true","0","","","","","35","","","test_block_3","32","true","hersheykisses.bmp","","","","",""
"","521.1337868481678","32","","","test_block_go","single-audio","313","585593","0.0-20.0-36.0","go_nogo","true","0","","","","","36","","","test_block_3","32","true","HoHo.bmp","","","","",""
"","-1000","-1","","","test_block_nogo","single-audio","314","586897","0.0-20.0-37.0","go_nogo","true","0","","","","","37","","","test_block_3","-1","true","Twix.bmp","","","","",""
"","538.548752834231","32","","","test_block_go","single-audio","315","588152","0.0-20.0-38.0","go_nogo","true","0","","","","","38","","","test_block_3","32","true","whitegrapes.bmp","","","","",""
"","-1000","-1","","","test_block_nogo","single-audio","316","589301","0.0-20.0-39.0","go_nogo","true","0","","","","","39","","","test_block_3","-1","true","cherryicecream.bmp","","","","",""
"","-1000","-1","","","test_block_nogo","single-audio","317","590388","0.0-20.0-40.0","go_nogo","true","0","","","","","40","","","test_block_3","-1","true","strawberries.bmp","","","","",""
"","608.208616779848","32","","","test_block_go","single-audio","318","591510","0.0-20.0-41.0","go_nogo","true","0","","","","","41","","","test_block_3","32","true","granolabar.bmp","","","","",""
"","509.52380952367093","32","","","test_block_go","single-audio","319","592767","0.0-20.0-42.0","go_nogo","true","0","","","","","42","","","test_block_3","32","true","Ghiradelli_milk_Almonds.bmp","","","","",""
"","579.1836734697426","32","","","test_block_go","single-audio","320","593864","0.0-20.0-43.0","go_nogo","true","0","","","","","43","","","test_block_3","32","true","grannysmith.bmp","","","","",""
"","-1000","-1","","","test_block_nogo","single-audio","321","594944","0.0-20.0-44.0","go_nogo","true","0","","","","","44","","","test_block_3","-1","true","nutterbutter.bmp","","","","",""
"","-1000","-1","","","test_block_nogo","single-audio","322","596175","0.0-20.0-45.0","go_nogo","true","0","","","","","45","","","test_block_3","-1","true","Fritos.bmp","","","","",""
"","-1000","-1","","","test_block_nogo","single-audio","323","597667","0.0-20.0-46.0","go_nogo","true","0","","","","","46","","","test_block_3","-1","true","reddelicious.bmp","","","","",""
"","532.7437641726647","32","","","test_block_go","single-audio","324","599147","0.0-20.0-47.0","go_nogo","true","0","","","","","47","","","test_block_3","32","true","Reeses.bmp","","","","",""
"","521.1337868481678","32","","","test_block_go","single-audio","325","600540","0.0-20.0-48.0","go_nogo","true","0","","","","","48","","","test_block_3","32","true","chocpudding.bmp","","","","",""
"","526.9387755101889","32","","","test_block_go","single-audio","326","601742","0.0-20.0-49.0","go_nogo","true","0","","","","","49","","","test_block_3","32","true","vanillapudding.bmp","","","","",""
"","584.9886621317637","32","","","test_block_go","single-audio","327","603194","0.0-20.0-50.0","go_nogo","true","0","","","","","50","","","test_block_3","32","true","banana.bmp","","","","",""
"","526.9387755101889","32","","","test_block_go","single-audio","328","604344","0.0-20.0-51.0","go_nogo","true","0","","","","","51","","","test_block_3","32","true","trix.bmp","","","","",""
"","-1000","-1","","","test_block_nogo","single-audio","329","605717","0.0-20.0-52.0","go_nogo","true","0","","","","","52","","","test_block_3","-1","true","RiceKrispyTreat_small.bmp","","","","",""
"","526.9387755101889","32","","","test_block_go","single-audio","330","606954","0.0-20.0-53.0","go_nogo","true","0","","","","","53","","","test_block_3","32","true","Cupcakes.bmp","","","","",""
"","521.1337868481678","32","","","test_block_go","single-audio","331","608080","0.0-20.0-54.0","go_nogo","true","0","","","","","54","","","test_block_3","32","true","FamousAmos_small.bmp","","","","",""
"","486.3038548755867","32","","","test_block_go","single-audio","332","609299","0.0-20.0-55.0","go_nogo","true","0","","","","","55","","","test_block_3","32","true","Ghiradelli_milk.bmp","","","","",""
"","474.6938775510898","32","","","test_block_go","single-audio","333","610530","0.0-20.0-56.0","go_nogo","true","0","","","","","56","","","test_block_3","32","true","MrsFields.bmp","","","","",""
"","503.7188208616499","32","","","test_block_go","single-audio","334","611737","0.0-20.0-57.0","go_nogo","true","0","","","","","57","","","test_block_3","32","true","milano.bmp","","","","",""
"","521.1337868481678","32","","","test_block_go","single-audio","335","613235","0.0-20.0-58.0","go_nogo","true","0","","","","","58","","","test_block_3","32","true","Oreos.bmp","","","","",""
"","399.2290249434518","32","","","test_block_go","single-audio","336","614454","0.0-20.0-59.0","go_nogo","true","0","","","","","59","","","test_block_3","32","true","Crunch.bmp","","","","",""
"","","","","","reset_trial","call-function","337","614454","0.0-22.0","go_nogo","true","0","","","","","","","","","","","","","","","",""
"","-1000","-1","","","test_block_nogo","single-audio","338","615580","0.0-23.0-0.0","go_nogo","true","0","","","","","0","","","test_block_4","-1","true","strawberries.bmp","","","","",""
"","584.9886621317637","32","","","test_block_go","single-audio","339","617052","0.0-23.0-1.0","go_nogo","true","0","","","","","1","","","test_block_4","32","true","MrsFields.bmp","","","","",""
"","521.1337868481678","32","","","test_block_go","single-audio","340","618366","0.0-23.0-2.0","go_nogo","true","0","","","","","2","","","test_block_4","32","true","banana.bmp","","","","",""
"","486.30385487513195","32","","","test_block_go","single-audio","341","619457","0.0-23.0-3.0","go_nogo","true","0","","","","","3","","","test_block_4","32","true","trix.bmp","","","","",""
"","474.6938775510898","32","","","test_block_go","single-audio","342","620905","0.0-23.0-4.0","go_nogo","true","0","","","","","4","","","test_block_4","32","true","Toberlorone.bmp","","","","",""
"","492.10884353760775","32","","","test_block_nogo","single-audio","343","622011","0.0-23.0-5.0","go_nogo","true","0","","","","","5","","","test_block_4","-1","false","grapenerds.bmp","","","","",""
"","677.8684807259197","32","","","test_block_go","single-audio","344","623294","0.0-23.0-6.0","go_nogo","true","0","","","","","6","","","test_block_4","32","true","butterfinger.bmp","","","","",""
"","596.5986394558058","32","","","test_block_go","single-audio","345","624542","0.0-23.0-7.0","go_nogo","true","0","","","","","7","","","test_block_4","32","true","Ghiradelli_milk_Almonds.bmp","","","","",""
"","-1000","-1","","","test_block_nogo","single-audio","346","625825","0.0-23.0-8.0","go_nogo","true","0","","","","","8","","","test_block_4","-1","true","RiceKrispyTreat_small.bmp","","","","",""
"","-1000","-1","","","test_block_nogo","single-audio","347","626928","0.0-23.0-9.0","go_nogo","true","0","","","","","9","","","test_block_4","-1","true","TeddyGrahamsplain_small.bmp","","","","",""
"","573.3786848072668","32","","","test_block_go","single-audio","348","628356","0.0-23.0-10.0","go_nogo","true","0","","","","","10","","","test_block_4","32","true","wwbrownie.bmp","","","","",""
"","555.9637188207489","32","","","test_block_go","single-audio","349","629486","0.0-23.0-11.0","go_nogo","true","0","","","","","11","","","test_block_4","32","true","Musketeers.bmp","","","","",""
"","509.52380952367093","32","","","test_block_go","single-audio","350","630591","0.0-23.0-12.0","go_nogo","true","0","","","","","12","","","test_block_4","32","true","Oreos.bmp","","","","",""
"","532.7437641726647","32","","","test_block_go","single-audio","351","631856","0.0-23.0-13.0","go_nogo","true","0","","","","","13","","","test_block_4","32","true","Cupcakes.bmp","","","","",""
"","515.3287981861467","32","","","test_block_go","single-audio","352","633284","0.0-23.0-14.0","go_nogo","true","0","","","","","14","","","test_block_4","32","true","grannysmith.bmp","","","","",""
"","561.7687074832247","32","","","test_block_go","single-audio","353","634395","0.0-23.0-15.0","go_nogo","true","0","","","","","15","","","test_block_4","32","true","cookiencream.bmp","","","","",""
"","555.9637188212037","32","","","test_block_go","single-audio","354","635701","0.0-23.0-16.0","go_nogo","true","0","","","","","16","","","test_block_4","32","true","milano.bmp","","","","",""
"","544.3537414967068","32","","","test_block_go","single-audio","355","637139","0.0-23.0-17.0","go_nogo","true","0","","","","","17","","","test_block_4","32","true","keeblerfudgestripes.bmp","","","","",""
"","521.1337868481678","32","","","test_block_go","single-audio","356","638416","0.0-23.0-18.0","go_nogo","true","0","","","","","18","","","test_block_4","32","true","hersheymilk_several.bmp","","","","",""
"","-1000","-1","","","test_block_nogo","single-audio","357","639612","0.0-23.0-19.0","go_nogo","true","0","","","","","19","","","test_block_4","-1","true","reddelicious.bmp","","","","",""
"","579.1836734692879","32","","","test_block_go","single-audio","358","641056","0.0-23.0-20.0","go_nogo","true","0","","","","","20","","","test_block_4","32","true","lollipopred.bmp","","","","",""
"","614.0136054423238","32","","","test_block_go","single-audio","359","642380","0.0-23.0-21.0","go_nogo","true","0","","","","","21","","","test_block_4","32","true","FamousAmos_small.bmp","","","","",""
"","602.4036281182816","32","","","test_block_go","single-audio","360","643704","0.0-23.0-22.0","go_nogo","true","0","","","","","22","","","test_block_4","32","true","blueberryyogart.bmp","","","","",""
"","526.9387755101889","32","","","test_block_go","single-audio","361","645207","0.0-23.0-23.0","go_nogo","true","0","","","","","23","","","test_block_4","32","true","Lindt_small.bmp","","","","",""
"","521.1337868481678","32","","","test_block_go","single-audio","362","646386","0.0-23.0-24.0","go_nogo","true","0","","","","","24","","","test_block_4","32","true","Ruffles.bmp","","","","",""
"","567.5736961452458","32","","","test_block_go","single-audio","363","647456","0.0-23.0-25.0","go_nogo","true","0","","","","","25","","","test_block_4","32","true","redgrapes.bmp","","","","",""
"","590.7936507937848","32","","","test_block_go","single-audio","364","648493","0.0-23.0-26.0","go_nogo","true","0","","","","","26","","","test_block_4","32","true","chocpudding.bmp","","","","",""
"","677.8684807259197","32","","","test_block_go","single-audio","365","649520","0.0-23.0-27.0","go_nogo","true","0","","","","","27","","","test_block_4","32","true","wildberrynerds.bmp","","","","",""
"","-1000","-1","","","test_block_nogo","single-audio","366","650913","0.0-23.0-28.0","go_nogo","true","0","","","","","28","","","test_block_4","-1","true","Twix.bmp","","","","",""
"","677.8684807254649","32","","","test_block_go","single-audio","367","652219","0.0-23.0-29.0","go_nogo","true","0","","","","","29","","","test_block_4","32","true","TeddyGrahamsCinnamon.bmp","","","","",""
"","584.9886621317637","32","","","test_block_go","single-audio","368","653462","0.0-23.0-30.0","go_nogo","true","0","","","","","30","","","test_block_4","32","true","vanillapudding.bmp","","","","",""
"","579.1836734697426","32","","","test_block_go","single-audio","369","654466","0.0-23.0-31.0","go_nogo","true","0","","","","","31","","","test_block_4","32","true","hersheykisses.bmp","","","","",""
"","590.7936507937848","32","","","test_block_go","single-audio","370","655551","0.0-23.0-32.0","go_nogo","true","0","","","","","32","","","test_block_4","32","true","HoHo.bmp","","","","",""
"","550.1587301587278","32","","","test_block_go","single-audio","371","656910","0.0-23.0-33.0","go_nogo","true","0","","","","","33","","","test_block_4","32","true","snickers.bmp","","","","",""
"","-1000","-1","","","test_block_nogo","single-audio","372","657995","0.0-23.0-34.0","go_nogo","true","0","","","","","34","","","test_block_4","-1","true","RitzBitz2.bmp","","","","",""
"","492.10884353760775","32","","","test_block_go","single-audio","373","659063","0.0-23.0-35.0","go_nogo","true","0","","","","","35","","","test_block_4","32","true","luckycharms.bmp","","","","",""
"","515.328798185692","32","","","test_block_go","single-audio","374","660207","0.0-23.0-36.0","go_nogo","true","0","","","","","36","","","test_block_4","32","true","FrootLoops.bmp","","","","",""
"","596.5986394562606","32","","","test_block_go","single-audio","375","661461","0.0-23.0-37.0","go_nogo","true","0","","","","","37","","","test_block_4","32","true","whitegrapes.bmp","","","","",""
"","555.9637188207489","32","","","test_block_go","single-audio","376","662662","0.0-23.0-38.0","go_nogo","true","0","","","","","38","","","test_block_4","32","true","Crunch.bmp","","","","",""
"","526.9387755101889","32","","","test_block_go","single-audio","377","664160","0.0-23.0-39.0","go_nogo","true","0","","","","","39","","","test_block_4","32","true","AppleJacks.bmp","","","","",""
"","550.1587301587278","32","","","test_block_go","single-audio","378","665315","0.0-23.0-40.0","go_nogo","true","0","","","","","40","","","test_block_4","32","true","Pringles.bmp","","","","",""
"","-1000","-1","","","test_block_nogo","single-audio","379","666731","0.0-23.0-41.0","go_nogo","true","0","","","","","41","","","test_block_4","-1","true","nutterbutter.bmp","","","","",""
"","-1000","-1","","","test_block_nogo","single-audio","380","667962","0.0-23.0-42.0","go_nogo","true","0","","","","","42","","","test_block_4","-1","true","cherryicecream.bmp","","","","",""
"","637.2335600908627","32","","","test_block_go","single-audio","381","669273","0.0-23.0-43.0","go_nogo","true","0","","","","","43","","","test_block_4","32","true","FlamingCheetos.bmp","","","","",""
"","526.9387755101889","32","","","test_block_go","single-audio","382","670684","0.0-23.0-44.0","go_nogo","true","0","","","","","44","","","test_block_4","32","true","granolabar.bmp","","","","",""
"","538.5487528346857","32","","","test_block_go","single-audio","383","671932","0.0-23.0-45.0","go_nogo","true","0","","","","","45","","","test_block_4","32","true","wwmuffin.bmp","","","","",""
"","573.3786848072668","32","","","test_block_go","single-audio","384","673128","0.0-23.0-46.0","go_nogo","true","0","","","","","46","","","test_block_4","32","true","pizza.bmp","","","","",""
"","555.9637188212037","32","","","test_block_go","single-audio","385","674498","0.0-23.0-47.0","go_nogo","true","0","","","","","47","","","test_block_4","32","true","pringlescheezums.bmp","","","","",""
"","526.9387755106436","32","","","test_block_go","single-audio","386","675653","0.0-23.0-48.0","go_nogo","true","0","","","","","48","","","test_block_4","32","true","keeblerrainbow.bmp","","","","",""
"","-1000","-1","","","test_block_nogo","single-audio","387","677098","0.0-23.0-49.0","go_nogo","true","0","","","","","49","","","test_block_4","-1","true","Fritos.bmp","","","","",""
"","602.4036281182816","32","","","test_block_go","single-audio","388","678288","0.0-23.0-50.0","go_nogo","true","0","","","","","50","","","test_block_4","32","true","Ghiradelli_milk.bmp","","","","",""
"","-1000","-1","","","test_block_nogo","single-audio","389","679478","0.0-23.0-51.0","go_nogo","true","0","","","","","51","","","test_block_4","-1","true","KitKat_small.bmp","","","","",""
"","573.3786848072668","32","","","test_block_go","single-audio","390","680721","0.0-23.0-52.0","go_nogo","true","0","","","","","52","","","test_block_4","32","true","ChipsAhoy_small.bmp","","","","",""
"","579.1836734692879","32","","","test_block_go","single-audio","391","682011","0.0-23.0-53.0","go_nogo","true","0","","","","","53","","","test_block_4","32","true","Reeses.bmp","","","","",""
"","515.3287981861467","32","","","test_block_go","single-audio","392","683112","0.0-23.0-54.0","go_nogo","true","0","","","","","54","","","test_block_4","32","true","Doritosranch.bmp","","","","",""
"","573.3786848072668","32","","","test_block_go","single-audio","393","684610","0.0-23.0-55.0","go_nogo","true","0","","","","","55","","","test_block_4","32","true","frostedcheerios.bmp","","","","",""
"","-1000","-1","","","test_block_nogo","single-audio","394","685884","0.0-23.0-56.0","go_nogo","true","0","","","","","56","","","test_block_4","-1","true","AnimalCrackers.bmp","","","","",""
"","550.1587301587278","32","","","test_block_go","single-audio","395","687326","0.0-23.0-57.0","go_nogo","true","0","","","","","57","","","test_block_4","32","true","mixedyogart.bmp","","","","",""
"","677.8684807259197","32","","","test_block_go","single-audio","396","688389","0.0-23.0-58.0","go_nogo","true","0","","","","","58","","","test_block_4","32","true","TootsieRolls.bmp","","","","",""
"","526.9387755101889","32","","","test_block_go","single-audio","397","689474","0.0-23.0-59.0","go_nogo","true","0","","","","","59","","","test_block_4","32","true","TeddyGrahamschocolate.bmp","","","","",""
"","","","","","reset_trial","call-function","398","689474","0.0-25.0","go_nogo","true","0","","","","","","","","","","","","","","","",""
"","544.3537414967068","32","","","test_block_go","single-audio","399","690936","0.0-26.0-0.0","go_nogo","true","0","","","","","0","","","test_block_5","32","true","keeblerfudgestripes.bmp","","","","",""
"","-1000","-1","","","test_block_nogo","single-audio","400","691941","0.0-26.0-1.0","go_nogo","true","0","","","","","1","","","test_block_5","-1","true","KitKat_small.bmp","","","","",""
"","-1000","-1","","","test_block_nogo","single-audio","401","693056","0.0-26.0-2.0","go_nogo","true","0","","","","","2","","","test_block_5","-1","true","RitzBitz2.bmp","","","","",""
"","573.3786848072668","32","","","test_block_go","single-audio","402","694153","0.0-26.0-3.0","go_nogo","true","0","","","","","3","","","test_block_5","32","true","AppleJacks.bmp","","","","",""
"","538.5487528346857","32","","","test_block_go","single-audio","403","695517","0.0-26.0-4.0","go_nogo","true","0","","","","","4","","","test_block_5","32","true","Crunch.bmp","","","","",""
"","486.3038548755867","32","","","test_block_go","single-audio","404","696794","0.0-26.0-5.0","go_nogo","true","0","","","","","5","","","test_block_5","32","true","pizza.bmp","","","","",""
"","492.10884353760775","32","","","test_block_go","single-audio","405","697862","0.0-26.0-6.0","go_nogo","true","0","","","","","6","","","test_block_5","32","true","FamousAmos_small.bmp","","","","",""
"","660.4535147394017","32","","","test_block_go","single-audio","406","698889","0.0-26.0-7.0","go_nogo","true","0","","","","","7","","","test_block_5","32","true","hersheymilk_several.bmp","","","","",""
"","706.8934240364797","32","","","test_block_go","single-audio","407","700283","0.0-26.0-8.0","go_nogo","true","0","","","","","8","","","test_block_5","32","true","grannysmith.bmp","","","","",""
"","602.4036281182816","32","","","test_block_go","single-audio","408","701753","0.0-26.0-9.0","go_nogo","true","0","","","","","9","","","test_block_5","32","true","lollipopred.bmp","","","","",""
"","573.3786848072668","32","","","test_block_go","single-audio","409","702848","0.0-26.0-10.0","go_nogo","true","0","","","","","10","","","test_block_5","32","true","chocpudding.bmp","","","","",""
"","538.5487528346857","32","","","test_block_go","single-audio","410","704021","0.0-26.0-11.0","go_nogo","true","0","","","","","11","","","test_block_5","32","true","frostedcheerios.bmp","","","","",""
"","532.7437641722099","32","","","test_block_go","single-audio","411","705104","0.0-26.0-12.0","go_nogo","true","0","","","","","12","","","test_block_5","32","true","redgrapes.bmp","","","","",""
"","509.5238095241257","32","","","test_block_go","single-audio","412","706476","0.0-26.0-13.0","go_nogo","true","0","","","","","13","","","test_block_5","32","true","milano.bmp","","","","",""
"","-1000","-1","","","test_block_nogo","single-audio","413","707873","0.0-26.0-14.0","go_nogo","true","0","","","","","14","","","test_block_5","-1","true","TeddyGrahamsplain_small.bmp","","","","",""
"","-1000","-1","","","test_block_nogo","single-audio","414","709018","0.0-26.0-15.0","go_nogo","true","0","","","","","15","","","test_block_5","-1","true","cherryicecream.bmp","","","","",""
"","-1000","-1","","","test_block_nogo","single-audio","415","710383","0.0-26.0-16.0","go_nogo","true","0","","","","","16","","","test_block_5","-1","true","Fritos.bmp","","","","",""
"","550.1587301587278","32","","","test_block_go","single-audio","416","711631","0.0-26.0-17.0","go_nogo","true","0","","","","","17","","","test_block_5","32","true","snickers.bmp","","","","",""
"","497.9138321996288","32","","","test_block_go","single-audio","417","712931","0.0-26.0-18.0","go_nogo","true","0","","","","","18","","","test_block_5","32","true","butterfinger.bmp","","","","",""
"","509.52380952367093","32","","","test_block_go","single-audio","418","714272","0.0-26.0-19.0","go_nogo","true","0","","","","","19","","","test_block_5","32","true","ChipsAhoy_small.bmp","","","","",""
"","451.47392290255084","32","","","test_block_go","single-audio","419","715503","0.0-26.0-20.0","go_nogo","true","0","","","","","20","","","test_block_5","32","true","granolabar.bmp","","","","",""
"","526.9387755106436","32","","","test_block_go","single-audio","420","716606","0.0-26.0-21.0","go_nogo","true","0","","","","","21","","","test_block_5","32","true","Lindt_small.bmp","","","","",""
"","561.7687074832247","32","","","test_block_go","single-audio","421","717616","0.0-26.0-22.0","go_nogo","true","0","","","","","22","","","test_block_5","32","true","cookiencream.bmp","","","","",""
"","-1000","-1","","","test_block_nogo","single-audio","422","718730","0.0-26.0-23.0","go_nogo","true","0","","","","","23","","","test_block_5","-1","true","Twix.bmp","","","","",""
"","619.8185941043448","32","","","test_block_go","single-audio","423","719885","0.0-26.0-24.0","go_nogo","true","0","","","","","24","","","test_block_5","32","true","wwbrownie.bmp","","","","",""
"","474.6938775510898","32","","","test_block_go","single-audio","424","721249","0.0-26.0-25.0","go_nogo","true","0","","","","","25","","","test_block_5","32","true","Reeses.bmp","","","","",""
"","521.1337868481678","32","","","test_block_nogo","single-audio","425","722282","0.0-26.0-26.0","go_nogo","true","0","","","","","26","","","test_block_5","-1","false","grapenerds.bmp","","","","",""
"","-1000","-1","","","test_block_go","single-audio","426","723559","0.0-26.0-27.0","go_nogo","true","0","","","","","27","","","test_block_5","32","false","HoHo.bmp","","","","",""
"","526.9387755106436","32","","","test_block_go","single-audio","427","724941","0.0-26.0-28.0","go_nogo","true","0","","","","","28","","","test_block_5","32","true","trix.bmp","","","","",""
"","550.1587301587278","32","","","test_block_go","single-audio","428","726369","0.0-26.0-29.0","go_nogo","true","0","","","","","29","","","test_block_5","32","true","wwmuffin.bmp","","","","",""
"","526.9387755101889","32","","","test_block_go","single-audio","429","727617","0.0-26.0-30.0","go_nogo","true","0","","","","","30","","","test_block_5","32","true","Cupcakes.bmp","","","","",""
"","573.3786848072668","32","","","test_block_go","single-audio","430","728958","0.0-26.0-31.0","go_nogo","true","0","","","","","31","","","test_block_5","32","true","blueberryyogart.bmp","","","","",""
"","561.7687074832247","32","","","test_block_go","single-audio","431","730090","0.0-26.0-32.0","go_nogo","true","0","","","","","32","","","test_block_5","32","true","Toberlorone.bmp","","","","",""
"","1182.9024943308468","32","","","test_block_go","single-audio","432","731402","0.0-26.0-33.0","go_nogo","true","0","","","","","33","","","test_block_5","32","true","TeddyGrahamsCinnamon.bmp","","","","",""
"","712.6984126985008","32","","","test_block_go","single-audio","433","732665","0.0-26.0-34.0","go_nogo","true","0","","","","","34","","","test_block_5","32","true","Ghiradelli_milk.bmp","","","","",""
"","602.4036281182816","32","","","test_block_go","single-audio","434","733985","0.0-26.0-35.0","go_nogo","true","0","","","","","35","","","test_block_5","32","true","hersheykisses.bmp","","","","",""
"","538.548752834231","32","","","test_block_go","single-audio","435","734995","0.0-26.0-36.0","go_nogo","true","0","","","","","36","","","test_block_5","32","true","FrootLoops.bmp","","","","",""
"","666.2585034014228","32","","","test_block_go","single-audio","436","736347","0.0-26.0-37.0","go_nogo","true","0","","","","","37","","","test_block_5","32","true","FlamingCheetos.bmp","","","","",""
"","596.5986394558058","32","","","test_block_go","single-audio","437","737618","0.0-26.0-38.0","go_nogo","true","0","","","","","38","","","test_block_5","32","true","Musketeers.bmp","","","","",""
"","584.988662131309","32","","","test_block_go","single-audio","438","738919","0.0-26.0-39.0","go_nogo","true","0","","","","","39","","","test_block_5","32","true","keeblerrainbow.bmp","","","","",""
"","579.1836734697426","32","","","test_block_go","single-audio","439","740202","0.0-26.0-40.0","go_nogo","true","0","","","","","40","","","test_block_5","32","true","TeddyGrahamschocolate.bmp","","","","",""
"","-1000","-1","","","test_block_nogo","single-audio","440","741530","0.0-26.0-41.0","go_nogo","true","0","","","","","41","","","test_block_5","-1","true","strawberries.bmp","","","","",""
"","643.0385487533385","32","","","test_block_go","single-audio","441","742779","0.0-26.0-42.0","go_nogo","true","0","","","","","42","","","test_block_5","32","true","TootsieRolls.bmp","","","","",""
"","567.5736961452458","32","","","test_block_go","single-audio","442","743841","0.0-26.0-43.0","go_nogo","true","0","","","","","43","","","test_block_5","32","true","Ghiradelli_milk_Almonds.bmp","","","","",""
"","584.9886621317637","32","","","test_block_go","single-audio","443","744944","0.0-26.0-44.0","go_nogo","true","0","","","","","44","","","test_block_5","32","true","Pringles.bmp","","","","",""
"","538.5487528346857","32","","","test_block_go","single-audio","444","746094","0.0-26.0-45.0","go_nogo","true","0","","","","","45","","","test_block_5","32","true","vanillapudding.bmp","","","","",""
"","515.3287981861467","32","","","test_block_go","single-audio","445","747289","0.0-26.0-46.0","go_nogo","true","0","","","","","46","","","test_block_5","32","true","Oreos.bmp","","","","",""
"","521.1337868481678","32","","","test_block_go","single-audio","446","748497","0.0-26.0-47.0","go_nogo","true","0","","","","","47","","","test_block_5","32","true","luckycharms.bmp","","","","",""
"","596.5986394558058","32","","","test_block_go","single-audio","447","749635","0.0-26.0-48.0","go_nogo","true","0","","","","","48","","","test_block_5","32","true","Doritosranch.bmp","","","","",""
"","-1000","-1","","","test_block_nogo","single-audio","448","750737","0.0-26.0-49.0","go_nogo","true","0","","","","","49","","","test_block_5","-1","true","AnimalCrackers.bmp","","","","",""
"","608.208616779848","32","","","test_block_go","single-audio","449","751751","0.0-26.0-50.0","go_nogo","true","0","","","","","50","","","test_block_5","32","true","MrsFields.bmp","","","","",""
"","596.5986394558058","32","","","test_block_go","single-audio","450","752908","0.0-26.0-51.0","go_nogo","true","0","","","","","51","","","test_block_5","32","true","mixedyogart.bmp","","","","",""
"","526.9387755101889","32","","","test_block_go","single-audio","451","753965","0.0-26.0-52.0","go_nogo","true","0","","","","","52","","","test_block_5","32","true","pringlescheezums.bmp","","","","",""
"","788.1632653061388","32","","","test_block_go","single-audio","452","754998","0.0-26.0-53.0","go_nogo","true","0","","","","","53","","","test_block_5","32","true","whitegrapes.bmp","","","","",""
"","-1000","-1","","","test_block_nogo","single-audio","453","756043","0.0-26.0-54.0","go_nogo","true","0","","","","","54","","","test_block_5","-1","true","reddelicious.bmp","","","","",""
"","544.3537414967068","32","","","test_block_go","single-audio","454","757376","0.0-26.0-55.0","go_nogo","true","0","","","","","55","","","test_block_5","32","true","banana.bmp","","","","",""
"","-1000","-1","","","test_block_go","single-audio","455","758451","0.0-26.0-56.0","go_nogo","true","0","","","","","56","","","test_block_5","32","false","wildberrynerds.bmp","","","","",""
"","120.5895691614387","32","","","test_block_nogo","single-audio","456","759566","0.0-26.0-57.0","go_nogo","true","0","","","","","57","","","test_block_5","-1","false","nutterbutter.bmp","","","","",""
"","532.7437641726647","32","","","test_block_go","single-audio","457","760623","0.0-26.0-58.0","go_nogo","true","0","","","","","58","","","test_block_5","32","true","Ruffles.bmp","","","","",""
"","-1000","-1","","","test_block_nogo","single-audio","458","761768","0.0-26.0-59.0","go_nogo","true","0","","","","","59","","","test_block_5","-1","true","RiceKrispyTreat_small.bmp","","","","",""
"","","","","","reset_trial","call-function","459","761768","0.0-28.0","go_nogo","true","0","","","","","","","","","","","","0.98","","","",""
"","","","","","accuracy","call-function","460","761771","0.0-29.0","go_nogo","true","0","","","","","","","","","","","","","","","",""
"","7723","","","","instruction","poldrack-instructions","461","769494","0.0-30.0","go_nogo","true","0","[{""page_index"":0,""viewing_time"":7722}]","","","","","","","","","","","","","","",""
"","3554","81","3554","-1","post_task","poldrack-single-stim","462","773049","0.0-31.0-0.0","go_nogo","true","0","","<div class = bigBox><div class = pictureBox><img class='img.displayed' src='/static/experiments/gng_food/images/TeddyGrahamsplain_small.bmp'></img></div><div class = sliderbox><div class = buttonBox><div class = Button1><input type=""button"" id = ""button1"" value=""1"" onClick = ""pressSubmit2(1, 81)""></div><div class = Button2><input type=""button"" id = ""button2"" value=""2"" onClick = ""pressSubmit2(2, 81)""></div><div class = Button3><input type=""button"" id = ""button3"" value=""3"" onClick = ""pressSubmit2(3, 81)""></div><div class = Button4><input type=""button"" id = ""button4"" value=""4"" onClick = ""pressSubmit2(4, 81)""></div><div class = Button5><input type=""button"" id = ""button5"" value=""5"" onClick = ""pressSubmit2(5, 81)""></div><div class = Button6><input type=""button"" id = ""button6"" value=""6"" onClick = ""pressSubmit2(6, 81)""></div><div class = Button7><input type=""button"" id = ""button7"" value=""7"" onClick = ""pressSubmit2(7, 81)""></div></div></div></div>","81","3554","0","","","","","","","","5","TeddyGrahamsplain_small.bmp","noGo","0"
"","1383","81","1383","-1","post_task","poldrack-single-stim","463","774432","0.0-31.0-1.0","go_nogo","true","0","","<div class = bigBox><div class = pictureBox><img class='img.displayed' src='/static/experiments/gng_food/images/keeblerfudgestripes.bmp'></img></div><div class = sliderbox><div class = buttonBox><div class = Button1><input type=""button"" id = ""button1"" value=""1"" onClick = ""pressSubmit2(1, 81)""></div><div class = Button2><input type=""button"" id = ""button2"" value=""2"" onClick = ""pressSubmit2(2, 81)""></div><div class = Button3><input type=""button"" id = ""button3"" value=""3"" onClick = ""pressSubmit2(3, 81)""></div><div class = Button4><input type=""button"" id = ""button4"" value=""4"" onClick = ""pressSubmit2(4, 81)""></div><div class = Button5><input type=""button"" id = ""button5"" value=""5"" onClick = ""pressSubmit2(5, 81)""></div><div class = Button6><input type=""button"" id = ""button6"" value=""6"" onClick = ""pressSubmit2(6, 81)""></div><div class = Button7><input type=""button"" id = ""button7"" value=""7"" onClick = ""pressSubmit2(7, 81)""></div></div></div></div>","81","1383","1","","","","","","","","6","keeblerfudgestripes.bmp","go","0"
"","1371","81","1371","-1","post_task","poldrack-single-stim","464","775805","0.0-31.0-2.0","go_nogo","true","0","","<div class = bigBox><div class = pictureBox><img class='img.displayed' src='/static/experiments/gng_food/images/zingers.bmp'></img></div><div class = sliderbox><div class = buttonBox><div class = Button1><input type=""button"" id = ""button1"" value=""1"" onClick = ""pressSubmit2(1, 81)""></div><div class = Button2><input type=""button"" id = ""button2"" value=""2"" onClick = ""pressSubmit2(2, 81)""></div><div class = Button3><input type=""button"" id = ""button3"" value=""3"" onClick = ""pressSubmit2(3, 81)""></div><div class = Button4><input type=""button"" id = ""button4"" value=""4"" onClick = ""pressSubmit2(4, 81)""></div><div class = Button5><input type=""button"" id = ""button5"" value=""5"" onClick = ""pressSubmit2(5, 81)""></div><div class = Button6><input type=""button"" id = ""button6"" value=""6"" onClick = ""pressSubmit2(6, 81)""></div><div class = Button7><input type=""button"" id = ""button7"" value=""7"" onClick = ""pressSubmit2(7, 81)""></div></div></div></div>","81","1371","2","","","","","","","","6","zingers.bmp","untrained","0"
"","1799","81","1799","-1","post_task","poldrack-single-stim","465","777605","0.0-31.0-3.0","go_nogo","true","0","","<div class = bigBox><div class = pictureBox><img class='img.displayed' src='/static/experiments/gng_food/images/MrsFields.bmp'></img></div><div class = sliderbox><div class = buttonBox><div class = Button1><input type=""button"" id = ""button1"" value=""1"" onClick = ""pressSubmit2(1, 81)""></div><div class = Button2><input type=""button"" id = ""button2"" value=""2"" onClick = ""pressSubmit2(2, 81)""></div><div class = Button3><input type=""button"" id = ""button3"" value=""3"" onClick = ""pressSubmit2(3, 81)""></div><div class = Button4><input type=""button"" id = ""button4"" value=""4"" onClick = ""pressSubmit2(4, 81)""></div><div class = Button5><input type=""button"" id = ""button5"" value=""5"" onClick = ""pressSubmit2(5, 81)""></div><div class = Button6><input type=""button"" id = ""button6"" value=""6"" onClick = ""pressSubmit2(6, 81)""></div><div class = Button7><input type=""button"" id = ""button7"" value=""7"" onClick = ""pressSubmit2(7, 81)""></div></div></div></div>","81","1799","3","","","","","","","","5","MrsFields.bmp","go","0"
"","1226","81","1226","-1","post_task","poldrack-single-stim","466","778831","0.0-31.0-4.0","go_nogo","true","0","","<div class = bigBox><div class = pictureBox><img class='img.displayed' src='/static/experiments/gng_food/images/HoHo.bmp'></img></div><div class = sliderbox><div class = buttonBox><div class = Button1><input type=""button"" id = ""button1"" value=""1"" onClick = ""pressSubmit2(1, 81)""></div><div class = Button2><input type=""button"" id = ""button2"" value=""2"" onClick = ""pressSubmit2(2, 81)""></div><div class = Button3><input type=""button"" id = ""button3"" value=""3"" onClick = ""pressSubmit2(3, 81)""></div><div class = Button4><input type=""button"" id = ""button4"" value=""4"" onClick = ""pressSubmit2(4, 81)""></div><div class = Button5><input type=""button"" id = ""button5"" value=""5"" onClick = ""pressSubmit2(5, 81)""></div><div class = Button6><input type=""button"" id = ""button6"" value=""6"" onClick = ""pressSubmit2(6, 81)""></div><div class = Button7><input type=""button"" id = ""button7"" value=""7"" onClick = ""pressSubmit2(7, 81)""></div></div></div></div>","81","1226","4","","","","","","","","5","HoHo.bmp","go","0"
"","1551","81","1551","-1","post_task","poldrack-single-stim","467","780383","0.0-31.0-5.0","go_nogo","true","0","","<div class = bigBox><div class = pictureBox><img class='img.displayed' src='/static/experiments/gng_food/images/wildberrynerds.bmp'></img></div><div class = sliderbox><div class = buttonBox><div class = Button1><input type=""button"" id = ""button1"" value=""1"" onClick = ""pressSubmit2(1, 81)""></div><div class = Button2><input type=""button"" id = ""button2"" value=""2"" onClick = ""pressSubmit2(2, 81)""></div><div class = Button3><input type=""button"" id = ""button3"" value=""3"" onClick = ""pressSubmit2(3, 81)""></div><div class = Button4><input type=""button"" id = ""button4"" value=""4"" onClick = ""pressSubmit2(4, 81)""></div><div class = Button5><input type=""button"" id = ""button5"" value=""5"" onClick = ""pressSubmit2(5, 81)""></div><div class = Button6><input type=""button"" id = ""button6"" value=""6"" onClick = ""pressSubmit2(6, 81)""></div><div class = Button7><input type=""button"" id = ""button7"" value=""7"" onClick = ""pressSubmit2(7, 81)""></div></div></div></div>","81","1551","5","","","","","","","","7","wildberrynerds.bmp","go","0"
"","1495","81","1495","-1","post_task","poldrack-single-stim","468","781880","0.0-31.0-6.0","go_nogo","true","0","","<div class = bigBox><div class = pictureBox><img class='img.displayed' src='/static/experiments/gng_food/images/wwbrownie.bmp'></img></div><div class = sliderbox><div class = buttonBox><div class = Button1><input type=""button"" id = ""button1"" value=""1"" onClick = ""pressSubmit2(1, 81)""></div><div class = Button2><input type=""button"" id = ""button2"" value=""2"" onClick = ""pressSubmit2(2, 81)""></div><div class = Button3><input type=""button"" id = ""button3"" value=""3"" onClick = ""pressSubmit2(3, 81)""></div><div class = Button4><input type=""button"" id = ""button4"" value=""4"" onClick = ""pressSubmit2(4, 81)""></div><div class = Button5><input type=""button"" id = ""button5"" value=""5"" onClick = ""pressSubmit2(5, 81)""></div><div class = Button6><input type=""button"" id = ""button6"" value=""6"" onClick = ""pressSubmit2(6, 81)""></div><div class = Button7><input type=""button"" id = ""button7"" value=""7"" onClick = ""pressSubmit2(7, 81)""></div></div></div></div>","81","1495","6","","","","","","","","5","wwbrownie.bmp","go","0"
"","1361","81","1361","-1","post_task","poldrack-single-stim","469","783241","0.0-31.0-7.0","go_nogo","true","0","","<div class = bigBox><div class = pictureBox><img class='img.displayed' src='/static/experiments/gng_food/images/RitzBitz2.bmp'></img></div><div class = sliderbox><div class = buttonBox><div class = Button1><input type=""button"" id = ""button1"" value=""1"" onClick = ""pressSubmit2(1, 81)""></div><div class = Button2><input type=""button"" id = ""button2"" value=""2"" onClick = ""pressSubmit2(2, 81)""></div><div class = Button3><input type=""button"" id = ""button3"" value=""3"" onClick = ""pressSubmit2(3, 81)""></div><div class = Button4><input type=""button"" id = ""button4"" value=""4"" onClick = ""pressSubmit2(4, 81)""></div><div class = Button5><input type=""button"" id = ""button5"" value=""5"" onClick = ""pressSubmit2(5, 81)""></div><div class = Button6><input type=""button"" id = ""button6"" value=""6"" onClick = ""pressSubmit2(6, 81)""></div><div class = Button7><input type=""button"" id = ""button7"" value=""7"" onClick = ""pressSubmit2(7, 81)""></div></div></div></div>","81","1361","7","","","","","","","","5","RitzBitz2.bmp","noGo","0"
"","1000","81","1000","-1","post_task","poldrack-single-stim","470","784242","0.0-31.0-8.0","go_nogo","true","0","","<div class = bigBox><div class = pictureBox><img class='img.displayed' src='/static/experiments/gng_food/images/TeddyGrahamschocolate.bmp'></img></div><div class = sliderbox><div class = buttonBox><div class = Button1><input type=""button"" id = ""button1"" value=""1"" onClick = ""pressSubmit2(1, 81)""></div><div class = Button2><input type=""button"" id = ""button2"" value=""2"" onClick = ""pressSubmit2(2, 81)""></div><div class = Button3><input type=""button"" id = ""button3"" value=""3"" onClick = ""pressSubmit2(3, 81)""></div><div class = Button4><input type=""button"" id = ""button4"" value=""4"" onClick = ""pressSubmit2(4, 81)""></div><div class = Button5><input type=""button"" id = ""button5"" value=""5"" onClick = ""pressSubmit2(5, 81)""></div><div class = Button6><input type=""button"" id = ""button6"" value=""6"" onClick = ""pressSubmit2(6, 81)""></div><div class = Button7><input type=""button"" id = ""button7"" value=""7"" onClick = ""pressSubmit2(7, 81)""></div></div></div></div>","81","1000","8","","","","","","","","5","TeddyGrahamschocolate.bmp","go","0"
"","1450","81","1450","-1","post_task","poldrack-single-stim","471","785694","0.0-31.0-9.0","go_nogo","true","0","","<div class = bigBox><div class = pictureBox><img class='img.displayed' src='/static/experiments/gng_food/images/pringlescheezums.bmp'></img></div><div class = sliderbox><div class = buttonBox><div class = Button1><input type=""button"" id = ""button1"" value=""1"" onClick = ""pressSubmit2(1, 81)""></div><div class = Button2><input type=""button"" id = ""button2"" value=""2"" onClick = ""pressSubmit2(2, 81)""></div><div class = Button3><input type=""button"" id = ""button3"" value=""3"" onClick = ""pressSubmit2(3, 81)""></div><div class = Button4><input type=""button"" id = ""button4"" value=""4"" onClick = ""pressSubmit2(4, 81)""></div><div class = Button5><input type=""button"" id = ""button5"" value=""5"" onClick = ""pressSubmit2(5, 81)""></div><div class = Button6><input type=""button"" id = ""button6"" value=""6"" onClick = ""pressSubmit2(6, 81)""></div><div class = Button7><input type=""button"" id = ""button7"" value=""7"" onClick = ""pressSubmit2(7, 81)""></div></div></div></div>","81","1450","9","","","","","","","","5","pringlescheezums.bmp","go","0"
"","1810","81","1810","-1","post_task","poldrack-single-stim","472","787505","0.0-31.0-10.0","go_nogo","true","0","","<div class = bigBox><div class = pictureBox><img class='img.displayed' src='/static/experiments/gng_food/images/granolabar.bmp'></img></div><div class = sliderbox><div class = buttonBox><div class = Button1><input type=""button"" id = ""button1"" value=""1"" onClick = ""pressSubmit2(1, 81)""></div><div class = Button2><input type=""button"" id = ""button2"" value=""2"" onClick = ""pressSubmit2(2, 81)""></div><div class = Button3><input type=""button"" id = ""button3"" value=""3"" onClick = ""pressSubmit2(3, 81)""></div><div class = Button4><input type=""button"" id = ""button4"" value=""4"" onClick = ""pressSubmit2(4, 81)""></div><div class = Button5><input type=""button"" id = ""button5"" value=""5"" onClick = ""pressSubmit2(5, 81)""></div><div class = Button6><input type=""button"" id = ""button6"" value=""6"" onClick = ""pressSubmit2(6, 81)""></div><div class = Button7><input type=""button"" id = ""button7"" value=""7"" onClick = ""pressSubmit2(7, 81)""></div></div></div></div>","81","1810","10","","","","","","","","6","granolabar.bmp","go","0"
"","1697","81","1697","-1","post_task","poldrack-single-stim","473","789204","0.0-31.0-11.0","go_nogo","true","0","","<div class = bigBox><div class = pictureBox><img class='img.displayed' src='/static/experiments/gng_food/images/Ghiradelli_milk_Almonds.bmp'></img></div><div class = sliderbox><div class = buttonBox><div class = Button1><input type=""button"" id = ""button1"" value=""1"" onClick = ""pressSubmit2(1, 81)""></div><div class = Button2><input type=""button"" id = ""button2"" value=""2"" onClick = ""pressSubmit2(2, 81)""></div><div class = Button3><input type=""button"" id = ""button3"" value=""3"" onClick = ""pressSubmit2(3, 81)""></div><div class = Button4><input type=""button"" id = ""button4"" value=""4"" onClick = ""pressSubmit2(4, 81)""></div><div class = Button5><input type=""button"" id = ""button5"" value=""5"" onClick = ""pressSubmit2(5, 81)""></div><div class = Button6><input type=""button"" id = ""button6"" value=""6"" onClick = ""pressSubmit2(6, 81)""></div><div class = Button7><input type=""button"" id = ""button7"" value=""7"" onClick = ""pressSubmit2(7, 81)""></div></div></div></div>","81","1697","11","","","","","","","","6","Ghiradelli_milk_Almonds.bmp","go","0"
"","1281","81","1281","-1","post_task","poldrack-single-stim","474","790486","0.0-31.0-12.0","go_nogo","true","0","","<div class = bigBox><div class = pictureBox><img class='img.displayed' src='/static/experiments/gng_food/images/AnimalCrackers.bmp'></img></div><div class = sliderbox><div class = buttonBox><div class = Button1><input type=""button"" id = ""button1"" value=""1"" onClick = ""pressSubmit2(1, 81)""></div><div class = Button2><input type=""button"" id = ""button2"" value=""2"" onClick = ""pressSubmit2(2, 81)""></div><div class = Button3><input type=""button"" id = ""button3"" value=""3"" onClick = ""pressSubmit2(3, 81)""></div><div class = Button4><input type=""button"" id = ""button4"" value=""4"" onClick = ""pressSubmit2(4, 81)""></div><div class = Button5><input type=""button"" id = ""button5"" value=""5"" onClick = ""pressSubmit2(5, 81)""></div><div class = Button6><input type=""button"" id = ""button6"" value=""6"" onClick = ""pressSubmit2(6, 81)""></div><div class = Button7><input type=""button"" id = ""button7"" value=""7"" onClick = ""pressSubmit2(7, 81)""></div></div></div></div>","81","1281","12","","","","","","","","5","AnimalCrackers.bmp","noGo","0"
"","2361","81","2361","-1","post_task","poldrack-single-stim","475","792849","0.0-31.0-13.0","go_nogo","true","0","","<div class = bigBox><div class = pictureBox><img class='img.displayed' src='/static/experiments/gng_food/images/cherryicecream.bmp'></img></div><div class = sliderbox><div class = buttonBox><div class = Button1><input type=""button"" id = ""button1"" value=""1"" onClick = ""pressSubmit2(1, 81)""></div><div class = Button2><input type=""button"" id = ""button2"" value=""2"" onClick = ""pressSubmit2(2, 81)""></div><div class = Button3><input type=""button"" id = ""button3"" value=""3"" onClick = ""pressSubmit2(3, 81)""></div><div class = Button4><input type=""button"" id = ""button4"" value=""4"" onClick = ""pressSubmit2(4, 81)""></div><div class = Button5><input type=""button"" id = ""button5"" value=""5"" onClick = ""pressSubmit2(5, 81)""></div><div class = Button6><input type=""button"" id = ""button6"" value=""6"" onClick = ""pressSubmit2(6, 81)""></div><div class = Button7><input type=""button"" id = ""button7"" value=""7"" onClick = ""pressSubmit2(7, 81)""></div></div></div></div>","81","2361","13","","","","","","","","5","cherryicecream.bmp","noGo","0"
"","1293","81","1293","-1","post_task","poldrack-single-stim","476","794143","0.0-31.0-14.0","go_nogo","true","0","","<div class = bigBox><div class = pictureBox><img class='img.displayed' src='/static/experiments/gng_food/images/frostedcheerios.bmp'></img></div><div class = sliderbox><div class = buttonBox><div class = Button1><input type=""button"" id = ""button1"" value=""1"" onClick = ""pressSubmit2(1, 81)""></div><div class = Button2><input type=""button"" id = ""button2"" value=""2"" onClick = ""pressSubmit2(2, 81)""></div><div class = Button3><input type=""button"" id = ""button3"" value=""3"" onClick = ""pressSubmit2(3, 81)""></div><div class = Button4><input type=""button"" id = ""button4"" value=""4"" onClick = ""pressSubmit2(4, 81)""></div><div class = Button5><input type=""button"" id = ""button5"" value=""5"" onClick = ""pressSubmit2(5, 81)""></div><div class = Button6><input type=""button"" id = ""button6"" value=""6"" onClick = ""pressSubmit2(6, 81)""></div><div class = Button7><input type=""button"" id = ""button7"" value=""7"" onClick = ""pressSubmit2(7, 81)""></div></div></div></div>","81","1293","14","","","","","","","","6","frostedcheerios.bmp","go","0"
"","2305","81","2305","-1","post_task","poldrack-single-stim","477","796449","0.0-31.0-15.0","go_nogo","true","0","","<div class = bigBox><div class = pictureBox><img class='img.displayed' src='/static/experiments/gng_food/images/whitegrapes.bmp'></img></div><div class = sliderbox><div class = buttonBox><div class = Button1><input type=""button"" id = ""button1"" value=""1"" onClick = ""pressSubmit2(1, 81)""></div><div class = Button2><input type=""button"" id = ""button2"" value=""2"" onClick = ""pressSubmit2(2, 81)""></div><div class = Button3><input type=""button"" id = ""button3"" value=""3"" onClick = ""pressSubmit2(3, 81)""></div><div class = Button4><input type=""button"" id = ""button4"" value=""4"" onClick = ""pressSubmit2(4, 81)""></div><div class = Button5><input type=""button"" id = ""button5"" value=""5"" onClick = ""pressSubmit2(5, 81)""></div><div class = Button6><input type=""button"" id = ""button6"" value=""6"" onClick = ""pressSubmit2(6, 81)""></div><div class = Button7><input type=""button"" id = ""button7"" value=""7"" onClick = ""pressSubmit2(7, 81)""></div></div></div></div>","81","2305","15","","","","","","","","6","whitegrapes.bmp","go","0"
"","1451","81","1451","-1","post_task","poldrack-single-stim","478","797901","0.0-31.0-16.0","go_nogo","true","0","","<div class = bigBox><div class = pictureBox><img class='img.displayed' src='/static/experiments/gng_food/images/nutterbutter.bmp'></img></div><div class = sliderbox><div class = buttonBox><div class = Button1><input type=""button"" id = ""button1"" value=""1"" onClick = ""pressSubmit2(1, 81)""></div><div class = Button2><input type=""button"" id = ""button2"" value=""2"" onClick = ""pressSubmit2(2, 81)""></div><div class = Button3><input type=""button"" id = ""button3"" value=""3"" onClick = ""pressSubmit2(3, 81)""></div><div class = Button4><input type=""button"" id = ""button4"" value=""4"" onClick = ""pressSubmit2(4, 81)""></div><div class = Button5><input type=""button"" id = ""button5"" value=""5"" onClick = ""pressSubmit2(5, 81)""></div><div class = Button6><input type=""button"" id = ""button6"" value=""6"" onClick = ""pressSubmit2(6, 81)""></div><div class = Button7><input type=""button"" id = ""button7"" value=""7"" onClick = ""pressSubmit2(7, 81)""></div></div></div></div>","81","1451","16","","","","","","","","5","nutterbutter.bmp","noGo","0"
"","1450","81","1450","-1","post_task","poldrack-single-stim","479","799352","0.0-31.0-17.0","go_nogo","true","0","","<div class = bigBox><div class = pictureBox><img class='img.displayed' src='/static/experiments/gng_food/images/CornPops.bmp'></img></div><div class = sliderbox><div class = buttonBox><div class = Button1><input type=""button"" id = ""button1"" value=""1"" onClick = ""pressSubmit2(1, 81)""></div><div class = Button2><input type=""button"" id = ""button2"" value=""2"" onClick = ""pressSubmit2(2, 81)""></div><div class = Button3><input type=""button"" id = ""button3"" value=""3"" onClick = ""pressSubmit2(3, 81)""></div><div class = Button4><input type=""button"" id = ""button4"" value=""4"" onClick = ""pressSubmit2(4, 81)""></div><div class = Button5><input type=""button"" id = ""button5"" value=""5"" onClick = ""pressSubmit2(5, 81)""></div><div class = Button6><input type=""button"" id = ""button6"" value=""6"" onClick = ""pressSubmit2(6, 81)""></div><div class = Button7><input type=""button"" id = ""button7"" value=""7"" onClick = ""pressSubmit2(7, 81)""></div></div></div></div>","81","1450","17","","","","","","","","5","CornPops.bmp","untrained","0"
"","1495","81","1495","-1","post_task","poldrack-single-stim","480","800848","0.0-31.0-18.0","go_nogo","true","0","","<div class = bigBox><div class = pictureBox><img class='img.displayed' src='/static/experiments/gng_food/images/hersheymilk_several.bmp'></img></div><div class = sliderbox><div class = buttonBox><div class = Button1><input type=""button"" id = ""button1"" value=""1"" onClick = ""pressSubmit2(1, 81)""></div><div class = Button2><input type=""button"" id = ""button2"" value=""2"" onClick = ""pressSubmit2(2, 81)""></div><div class = Button3><input type=""button"" id = ""button3"" value=""3"" onClick = ""pressSubmit2(3, 81)""></div><div class = Button4><input type=""button"" id = ""button4"" value=""4"" onClick = ""pressSubmit2(4, 81)""></div><div class = Button5><input type=""button"" id = ""button5"" value=""5"" onClick = ""pressSubmit2(5, 81)""></div><div class = Button6><input type=""button"" id = ""button6"" value=""6"" onClick = ""pressSubmit2(6, 81)""></div><div class = Button7><input type=""button"" id = ""button7"" value=""7"" onClick = ""pressSubmit2(7, 81)""></div></div></div></div>","81","1495","18","","","","","","","","6","hersheymilk_several.bmp","go","0"
"","1326","81","1326","-1","post_task","poldrack-single-stim","481","802175","0.0-31.0-19.0","go_nogo","true","0","","<div class = bigBox><div class = pictureBox><img class='img.displayed' src='/static/experiments/gng_food/images/vanillapudding.bmp'></img></div><div class = sliderbox><div class = buttonBox><div class = Button1><input type=""button"" id = ""button1"" value=""1"" onClick = ""pressSubmit2(1, 81)""></div><div class = Button2><input type=""button"" id = ""button2"" value=""2"" onClick = ""pressSubmit2(2, 81)""></div><div class = Button3><input type=""button"" id = ""button3"" value=""3"" onClick = ""pressSubmit2(3, 81)""></div><div class = Button4><input type=""button"" id = ""button4"" value=""4"" onClick = ""pressSubmit2(4, 81)""></div><div class = Button5><input type=""button"" id = ""button5"" value=""5"" onClick = ""pressSubmit2(5, 81)""></div><div class = Button6><input type=""button"" id = ""button6"" value=""6"" onClick = ""pressSubmit2(6, 81)""></div><div class = Button7><input type=""button"" id = ""button7"" value=""7"" onClick = ""pressSubmit2(7, 81)""></div></div></div></div>","81","1326","19","","","","","","","","5","vanillapudding.bmp","go","0"
"","1034","81","1034","-1","post_task","poldrack-single-stim","482","803210","0.0-31.0-20.0","go_nogo","true","0","","<div class = bigBox><div class = pictureBox><img class='img.displayed' src='/static/experiments/gng_food/images/Musketeers.bmp'></img></div><div class = sliderbox><div class = buttonBox><div class = Button1><input type=""button"" id = ""button1"" value=""1"" onClick = ""pressSubmit2(1, 81)""></div><div class = Button2><input type=""button"" id = ""button2"" value=""2"" onClick = ""pressSubmit2(2, 81)""></div><div class = Button3><input type=""button"" id = ""button3"" value=""3"" onClick = ""pressSubmit2(3, 81)""></div><div class = Button4><input type=""button"" id = ""button4"" value=""4"" onClick = ""pressSubmit2(4, 81)""></div><div class = Button5><input type=""button"" id = ""button5"" value=""5"" onClick = ""pressSubmit2(5, 81)""></div><div class = Button6><input type=""button"" id = ""button6"" value=""6"" onClick = ""pressSubmit2(6, 81)""></div><div class = Button7><input type=""button"" id = ""button7"" value=""7"" onClick = ""pressSubmit2(7, 81)""></div></div></div></div>","81","1034","20","","","","","","","","6","Musketeers.bmp","go","0"
"","1080","81","1080","-1","post_task","poldrack-single-stim","483","804291","0.0-31.0-21.0","go_nogo","true","0","","<div class = bigBox><div class = pictureBox><img class='img.displayed' src='/static/experiments/gng_food/images/laysclassic.bmp'></img></div><div class = sliderbox><div class = buttonBox><div class = Button1><input type=""button"" id = ""button1"" value=""1"" onClick = ""pressSubmit2(1, 81)""></div><div class = Button2><input type=""button"" id = ""button2"" value=""2"" onClick = ""pressSubmit2(2, 81)""></div><div class = Button3><input type=""button"" id = ""button3"" value=""3"" onClick = ""pressSubmit2(3, 81)""></div><div class = Button4><input type=""button"" id = ""button4"" value=""4"" onClick = ""pressSubmit2(4, 81)""></div><div class = Button5><input type=""button"" id = ""button5"" value=""5"" onClick = ""pressSubmit2(5, 81)""></div><div class = Button6><input type=""button"" id = ""button6"" value=""6"" onClick = ""pressSubmit2(6, 81)""></div><div class = Button7><input type=""button"" id = ""button7"" value=""7"" onClick = ""pressSubmit2(7, 81)""></div></div></div></div>","81","1080","21","","","","","","","","5","laysclassic.bmp","untrained","0"
"","3677","81","3677","-1","post_task","poldrack-single-stim","484","807969","0.0-31.0-22.0","go_nogo","true","0","","<div class = bigBox><div class = pictureBox><img class='img.displayed' src='/static/experiments/gng_food/images/orange.bmp'></img></div><div class = sliderbox><div class = buttonBox><div class = Button1><input type=""button"" id = ""button1"" value=""1"" onClick = ""pressSubmit2(1, 81)""></div><div class = Button2><input type=""button"" id = ""button2"" value=""2"" onClick = ""pressSubmit2(2, 81)""></div><div class = Button3><input type=""button"" id = ""button3"" value=""3"" onClick = ""pressSubmit2(3, 81)""></div><div class = Button4><input type=""button"" id = ""button4"" value=""4"" onClick = ""pressSubmit2(4, 81)""></div><div class = Button5><input type=""button"" id = ""button5"" value=""5"" onClick = ""pressSubmit2(5, 81)""></div><div class = Button6><input type=""button"" id = ""button6"" value=""6"" onClick = ""pressSubmit2(6, 81)""></div><div class = Button7><input type=""button"" id = ""button7"" value=""7"" onClick = ""pressSubmit2(7, 81)""></div></div></div></div>","81","3677","22","","","","","","","","6","orange.bmp","untrained","0"
"","1338","81","1338","-1","post_task","poldrack-single-stim","485","809308","0.0-31.0-23.0","go_nogo","true","0","","<div class = bigBox><div class = pictureBox><img class='img.displayed' src='/static/experiments/gng_food/images/pizza.bmp'></img></div><div class = sliderbox><div class = buttonBox><div class = Button1><input type=""button"" id = ""button1"" value=""1"" onClick = ""pressSubmit2(1, 81)""></div><div class = Button2><input type=""button"" id = ""button2"" value=""2"" onClick = ""pressSubmit2(2, 81)""></div><div class = Button3><input type=""button"" id = ""button3"" value=""3"" onClick = ""pressSubmit2(3, 81)""></div><div class = Button4><input type=""button"" id = ""button4"" value=""4"" onClick = ""pressSubmit2(4, 81)""></div><div class = Button5><input type=""button"" id = ""button5"" value=""5"" onClick = ""pressSubmit2(5, 81)""></div><div class = Button6><input type=""button"" id = ""button6"" value=""6"" onClick = ""pressSubmit2(6, 81)""></div><div class = Button7><input type=""button"" id = ""button7"" value=""7"" onClick = ""pressSubmit2(7, 81)""></div></div></div></div>","81","1338","23","","","","","","","","6","pizza.bmp","go","0"
"","1428","81","1428","-1","post_task","poldrack-single-stim","486","810736","0.0-31.0-24.0","go_nogo","true","0","","<div class = bigBox><div class = pictureBox><img class='img.displayed' src='/static/experiments/gng_food/images/RiceKrispyTreat_small.bmp'></img></div><div class = sliderbox><div class = buttonBox><div class = Button1><input type=""button"" id = ""button1"" value=""1"" onClick = ""pressSubmit2(1, 81)""></div><div class = Button2><input type=""button"" id = ""button2"" value=""2"" onClick = ""pressSubmit2(2, 81)""></div><div class = Button3><input type=""button"" id = ""button3"" value=""3"" onClick = ""pressSubmit2(3, 81)""></div><div class = Button4><input type=""button"" id = ""button4"" value=""4"" onClick = ""pressSubmit2(4, 81)""></div><div class = Button5><input type=""button"" id = ""button5"" value=""5"" onClick = ""pressSubmit2(5, 81)""></div><div class = Button6><input type=""button"" id = ""button6"" value=""6"" onClick = ""pressSubmit2(6, 81)""></div><div class = Button7><input type=""button"" id = ""button7"" value=""7"" onClick = ""pressSubmit2(7, 81)""></div></div></div></div>","81","1428","24","","","","","","","","7","RiceKrispyTreat_small.bmp","noGo","0"
"","1259","81","1259","-1","post_task","poldrack-single-stim","487","811996","0.0-31.0-25.0","go_nogo","true","0","","<div class = bigBox><div class = pictureBox><img class='img.displayed' src='/static/experiments/gng_food/images/Crunch.bmp'></img></div><div class = sliderbox><div class = buttonBox><div class = Button1><input type=""button"" id = ""button1"" value=""1"" onClick = ""pressSubmit2(1, 81)""></div><div class = Button2><input type=""button"" id = ""button2"" value=""2"" onClick = ""pressSubmit2(2, 81)""></div><div class = Button3><input type=""button"" id = ""button3"" value=""3"" onClick = ""pressSubmit2(3, 81)""></div><div class = Button4><input type=""button"" id = ""button4"" value=""4"" onClick = ""pressSubmit2(4, 81)""></div><div class = Button5><input type=""button"" id = ""button5"" value=""5"" onClick = ""pressSubmit2(5, 81)""></div><div class = Button6><input type=""button"" id = ""button6"" value=""6"" onClick = ""pressSubmit2(6, 81)""></div><div class = Button7><input type=""button"" id = ""button7"" value=""7"" onClick = ""pressSubmit2(7, 81)""></div></div></div></div>","81","1259","25","","","","","","","","6","Crunch.bmp","go","0"
"","1101","81","1101","-1","post_task","poldrack-single-stim","488","813099","0.0-31.0-26.0","go_nogo","true","0","","<div class = bigBox><div class = pictureBox><img class='img.displayed' src='/static/experiments/gng_food/images/luckycharms.bmp'></img></div><div class = sliderbox><div class = buttonBox><div class = Button1><input type=""button"" id = ""button1"" value=""1"" onClick = ""pressSubmit2(1, 81)""></div><div class = Button2><input type=""button"" id = ""button2"" value=""2"" onClick = ""pressSubmit2(2, 81)""></div><div class = Button3><input type=""button"" id = ""button3"" value=""3"" onClick = ""pressSubmit2(3, 81)""></div><div class = Button4><input type=""button"" id = ""button4"" value=""4"" onClick = ""pressSubmit2(4, 81)""></div><div class = Button5><input type=""button"" id = ""button5"" value=""5"" onClick = ""pressSubmit2(5, 81)""></div><div class = Button6><input type=""button"" id = ""button6"" value=""6"" onClick = ""pressSubmit2(6, 81)""></div><div class = Button7><input type=""button"" id = ""button7"" value=""7"" onClick = ""pressSubmit2(7, 81)""></div></div></div></div>","81","1101","26","","","","","","","","6","luckycharms.bmp","go","0"
"","910","81","910","-1","post_task","poldrack-single-stim","489","814010","0.0-31.0-27.0","go_nogo","true","0","","<div class = bigBox><div class = pictureBox><img class='img.displayed' src='/static/experiments/gng_food/images/hersheykisses.bmp'></img></div><div class = sliderbox><div class = buttonBox><div class = Button1><input type=""button"" id = ""button1"" value=""1"" onClick = ""pressSubmit2(1, 81)""></div><div class = Button2><input type=""button"" id = ""button2"" value=""2"" onClick = ""pressSubmit2(2, 81)""></div><div class = Button3><input type=""button"" id = ""button3"" value=""3"" onClick = ""pressSubmit2(3, 81)""></div><div class = Button4><input type=""button"" id = ""button4"" value=""4"" onClick = ""pressSubmit2(4, 81)""></div><div class = Button5><input type=""button"" id = ""button5"" value=""5"" onClick = ""pressSubmit2(5, 81)""></div><div class = Button6><input type=""button"" id = ""button6"" value=""6"" onClick = ""pressSubmit2(6, 81)""></div><div class = Button7><input type=""button"" id = ""button7"" value=""7"" onClick = ""pressSubmit2(7, 81)""></div></div></div></div>","81","910","27","","","","","","","","6","hersheykisses.bmp","go","0"
"","1383","81","1383","-1","post_task","poldrack-single-stim","490","815394","0.0-31.0-28.0","go_nogo","true","0","","<div class = bigBox><div class = pictureBox><img class='img.displayed' src='/static/experiments/gng_food/images/blueberryyogart.bmp'></img></div><div class = sliderbox><div class = buttonBox><div class = Button1><input type=""button"" id = ""button1"" value=""1"" onClick = ""pressSubmit2(1, 81)""></div><div class = Button2><input type=""button"" id = ""button2"" value=""2"" onClick = ""pressSubmit2(2, 81)""></div><div class = Button3><input type=""button"" id = ""button3"" value=""3"" onClick = ""pressSubmit2(3, 81)""></div><div class = Button4><input type=""button"" id = ""button4"" value=""4"" onClick = ""pressSubmit2(4, 81)""></div><div class = Button5><input type=""button"" id = ""button5"" value=""5"" onClick = ""pressSubmit2(5, 81)""></div><div class = Button6><input type=""button"" id = ""button6"" value=""6"" onClick = ""pressSubmit2(6, 81)""></div><div class = Button7><input type=""button"" id = ""button7"" value=""7"" onClick = ""pressSubmit2(7, 81)""></div></div></div></div>","81","1383","28","","","","","","","","5","blueberryyogart.bmp","go","0"
"","1123","81","1123","-1","post_task","poldrack-single-stim","491","816519","0.0-31.0-29.0","go_nogo","true","0","","<div class = bigBox><div class = pictureBox><img class='img.displayed' src='/static/experiments/gng_food/images/Reeses.bmp'></img></div><div class = sliderbox><div class = buttonBox><div class = Button1><input type=""button"" id = ""button1"" value=""1"" onClick = ""pressSubmit2(1, 81)""></div><div class = Button2><input type=""button"" id = ""button2"" value=""2"" onClick = ""pressSubmit2(2, 81)""></div><div class = Button3><input type=""button"" id = ""button3"" value=""3"" onClick = ""pressSubmit2(3, 81)""></div><div class = Button4><input type=""button"" id = ""button4"" value=""4"" onClick = ""pressSubmit2(4, 81)""></div><div class = Button5><input type=""button"" id = ""button5"" value=""5"" onClick = ""pressSubmit2(5, 81)""></div><div class = Button6><input type=""button"" id = ""button6"" value=""6"" onClick = ""pressSubmit2(6, 81)""></div><div class = Button7><input type=""button"" id = ""button7"" value=""7"" onClick = ""pressSubmit2(7, 81)""></div></div></div></div>","81","1123","29","","","","","","","","7","Reeses.bmp","go","0"
"","1428","81","1428","-1","post_task","poldrack-single-stim","492","817948","0.0-31.0-30.0","go_nogo","true","0","","<div class = bigBox><div class = pictureBox><img class='img.displayed' src='/static/experiments/gng_food/images/cookiencream.bmp'></img></div><div class = sliderbox><div class = buttonBox><div class = Button1><input type=""button"" id = ""button1"" value=""1"" onClick = ""pressSubmit2(1, 81)""></div><div class = Button2><input type=""button"" id = ""button2"" value=""2"" onClick = ""pressSubmit2(2, 81)""></div><div class = Button3><input type=""button"" id = ""button3"" value=""3"" onClick = ""pressSubmit2(3, 81)""></div><div class = Button4><input type=""button"" id = ""button4"" value=""4"" onClick = ""pressSubmit2(4, 81)""></div><div class = Button5><input type=""button"" id = ""button5"" value=""5"" onClick = ""pressSubmit2(5, 81)""></div><div class = Button6><input type=""button"" id = ""button6"" value=""6"" onClick = ""pressSubmit2(6, 81)""></div><div class = Button7><input type=""button"" id = ""button7"" value=""7"" onClick = ""pressSubmit2(7, 81)""></div></div></div></div>","81","1428","30","","","","","","","","6","cookiencream.bmp","go","0"
"","1810","81","1810","-1","post_task","poldrack-single-stim","493","819759","0.0-31.0-31.0","go_nogo","true","0","","<div class = bigBox><div class = pictureBox><img class='img.displayed' src='/static/experiments/gng_food/images/milano.bmp'></img></div><div class = sliderbox><div class = buttonBox><div class = Button1><input type=""button"" id = ""button1"" value=""1"" onClick = ""pressSubmit2(1, 81)""></div><div class = Button2><input type=""button"" id = ""button2"" value=""2"" onClick = ""pressSubmit2(2, 81)""></div><div class = Button3><input type=""button"" id = ""button3"" value=""3"" onClick = ""pressSubmit2(3, 81)""></div><div class = Button4><input type=""button"" id = ""button4"" value=""4"" onClick = ""pressSubmit2(4, 81)""></div><div class = Button5><input type=""button"" id = ""button5"" value=""5"" onClick = ""pressSubmit2(5, 81)""></div><div class = Button6><input type=""button"" id = ""button6"" value=""6"" onClick = ""pressSubmit2(6, 81)""></div><div class = Button7><input type=""button"" id = ""button7"" value=""7"" onClick = ""pressSubmit2(7, 81)""></div></div></div></div>","81","1810","31","","","","","","","","5","milano.bmp","go","0"
"","2553","81","2553","-1","post_task","poldrack-single-stim","494","822313","0.0-31.0-32.0","go_nogo","true","0","","<div class = bigBox><div class = pictureBox><img class='img.displayed' src='/static/experiments/gng_food/images/strawberries.bmp'></img></div><div class = sliderbox><div class = buttonBox><div class = Button1><input type=""button"" id = ""button1"" value=""1"" onClick = ""pressSubmit2(1, 81)""></div><div class = Button2><input type=""button"" id = ""button2"" value=""2"" onClick = ""pressSubmit2(2, 81)""></div><div class = Button3><input type=""button"" id = ""button3"" value=""3"" onClick = ""pressSubmit2(3, 81)""></div><div class = Button4><input type=""button"" id = ""button4"" value=""4"" onClick = ""pressSubmit2(4, 81)""></div><div class = Button5><input type=""button"" id = ""button5"" value=""5"" onClick = ""pressSubmit2(5, 81)""></div><div class = Button6><input type=""button"" id = ""button6"" value=""6"" onClick = ""pressSubmit2(6, 81)""></div><div class = Button7><input type=""button"" id = ""button7"" value=""7"" onClick = ""pressSubmit2(7, 81)""></div></div></div></div>","81","2553","32","","","","","","","","6","strawberries.bmp","noGo","-1"
"","2441","81","2441","-1","post_task","poldrack-single-stim","495","824754","0.0-31.0-33.0","go_nogo","true","0","","<div class = bigBox><div class = pictureBox><img class='img.displayed' src='/static/experiments/gng_food/images/Pringles.bmp'></img></div><div class = sliderbox><div class = buttonBox><div class = Button1><input type=""button"" id = ""button1"" value=""1"" onClick = ""pressSubmit2(1, 81)""></div><div class = Button2><input type=""button"" id = ""button2"" value=""2"" onClick = ""pressSubmit2(2, 81)""></div><div class = Button3><input type=""button"" id = ""button3"" value=""3"" onClick = ""pressSubmit2(3, 81)""></div><div class = Button4><input type=""button"" id = ""button4"" value=""4"" onClick = ""pressSubmit2(4, 81)""></div><div class = Button5><input type=""button"" id = ""button5"" value=""5"" onClick = ""pressSubmit2(5, 81)""></div><div class = Button6><input type=""button"" id = ""button6"" value=""6"" onClick = ""pressSubmit2(6, 81)""></div><div class = Button7><input type=""button"" id = ""button7"" value=""7"" onClick = ""pressSubmit2(7, 81)""></div></div></div></div>","81","2441","33","","","","","","","","6","Pringles.bmp","go","0"
"","1225","81","1225","-1","post_task","poldrack-single-stim","496","825980","0.0-31.0-34.0","go_nogo","true","0","","<div class = bigBox><div class = pictureBox><img class='img.displayed' src='/static/experiments/gng_food/images/Doritosranch.bmp'></img></div><div class = sliderbox><div class = buttonBox><div class = Button1><input type=""button"" id = ""button1"" value=""1"" onClick = ""pressSubmit2(1, 81)""></div><div class = Button2><input type=""button"" id = ""button2"" value=""2"" onClick = ""pressSubmit2(2, 81)""></div><div class = Button3><input type=""button"" id = ""button3"" value=""3"" onClick = ""pressSubmit2(3, 81)""></div><div class = Button4><input type=""button"" id = ""button4"" value=""4"" onClick = ""pressSubmit2(4, 81)""></div><div class = Button5><input type=""button"" id = ""button5"" value=""5"" onClick = ""pressSubmit2(5, 81)""></div><div class = Button6><input type=""button"" id = ""button6"" value=""6"" onClick = ""pressSubmit2(6, 81)""></div><div class = Button7><input type=""button"" id = ""button7"" value=""7"" onClick = ""pressSubmit2(7, 81)""></div></div></div></div>","81","1225","34","","","","","","","","5","Doritosranch.bmp","go","0"
"","1225","81","1225","-1","post_task","poldrack-single-stim","497","827207","0.0-31.0-35.0","go_nogo","true","0","","<div class = bigBox><div class = pictureBox><img class='img.displayed' src='/static/experiments/gng_food/images/Cheetos.bmp'></img></div><div class = sliderbox><div class = buttonBox><div class = Button1><input type=""button"" id = ""button1"" value=""1"" onClick = ""pressSubmit2(1, 81)""></div><div class = Button2><input type=""button"" id = ""button2"" value=""2"" onClick = ""pressSubmit2(2, 81)""></div><div class = Button3><input type=""button"" id = ""button3"" value=""3"" onClick = ""pressSubmit2(3, 81)""></div><div class = Button4><input type=""button"" id = ""button4"" value=""4"" onClick = ""pressSubmit2(4, 81)""></div><div class = Button5><input type=""button"" id = ""button5"" value=""5"" onClick = ""pressSubmit2(5, 81)""></div><div class = Button6><input type=""button"" id = ""button6"" value=""6"" onClick = ""pressSubmit2(6, 81)""></div><div class = Button7><input type=""button"" id = ""button7"" value=""7"" onClick = ""pressSubmit2(7, 81)""></div></div></div></div>","81","1225","35","","","","","","","","5","Cheetos.bmp","untrained","0"
"","1338","81","1338","-1","post_task","poldrack-single-stim","498","828545","0.0-31.0-36.0","go_nogo","true","0","","<div class = bigBox><div class = pictureBox><img class='img.displayed' src='/static/experiments/gng_food/images/wwmuffin.bmp'></img></div><div class = sliderbox><div class = buttonBox><div class = Button1><input type=""button"" id = ""button1"" value=""1"" onClick = ""pressSubmit2(1, 81)""></div><div class = Button2><input type=""button"" id = ""button2"" value=""2"" onClick = ""pressSubmit2(2, 81)""></div><div class = Button3><input type=""button"" id = ""button3"" value=""3"" onClick = ""pressSubmit2(3, 81)""></div><div class = Button4><input type=""button"" id = ""button4"" value=""4"" onClick = ""pressSubmit2(4, 81)""></div><div class = Button5><input type=""button"" id = ""button5"" value=""5"" onClick = ""pressSubmit2(5, 81)""></div><div class = Button6><input type=""button"" id = ""button6"" value=""6"" onClick = ""pressSubmit2(6, 81)""></div><div class = Button7><input type=""button"" id = ""button7"" value=""7"" onClick = ""pressSubmit2(7, 81)""></div></div></div></div>","81","1338","36","","","","","","","","5","wwmuffin.bmp","go","-1"
"","1056","81","1056","-1","post_task","poldrack-single-stim","499","829603","0.0-31.0-37.0","go_nogo","true","0","","<div class = bigBox><div class = pictureBox><img class='img.displayed' src='/static/experiments/gng_food/images/Ghiradelli_milk.bmp'></img></div><div class = sliderbox><div class = buttonBox><div class = Button1><input type=""button"" id = ""button1"" value=""1"" onClick = ""pressSubmit2(1, 81)""></div><div class = Button2><input type=""button"" id = ""button2"" value=""2"" onClick = ""pressSubmit2(2, 81)""></div><div class = Button3><input type=""button"" id = ""button3"" value=""3"" onClick = ""pressSubmit2(3, 81)""></div><div class = Button4><input type=""button"" id = ""button4"" value=""4"" onClick = ""pressSubmit2(4, 81)""></div><div class = Button5><input type=""button"" id = ""button5"" value=""5"" onClick = ""pressSubmit2(5, 81)""></div><div class = Button6><input type=""button"" id = ""button6"" value=""6"" onClick = ""pressSubmit2(6, 81)""></div><div class = Button7><input type=""button"" id = ""button7"" value=""7"" onClick = ""pressSubmit2(7, 81)""></div></div></div></div>","81","1056","37","","","","","","","","6","Ghiradelli_milk.bmp","go","0"
"","1315","81","1315","-1","post_task","poldrack-single-stim","500","830919","0.0-31.0-38.0","go_nogo","true","0","","<div class = bigBox><div class = pictureBox><img class='img.displayed' src='/static/experiments/gng_food/images/Fritos.bmp'></img></div><div class = sliderbox><div class = buttonBox><div class = Button1><input type=""button"" id = ""button1"" value=""1"" onClick = ""pressSubmit2(1, 81)""></div><div class = Button2><input type=""button"" id = ""button2"" value=""2"" onClick = ""pressSubmit2(2, 81)""></div><div class = Button3><input type=""button"" id = ""button3"" value=""3"" onClick = ""pressSubmit2(3, 81)""></div><div class = Button4><input type=""button"" id = ""button4"" value=""4"" onClick = ""pressSubmit2(4, 81)""></div><div class = Button5><input type=""button"" id = ""button5"" value=""5"" onClick = ""pressSubmit2(5, 81)""></div><div class = Button6><input type=""button"" id = ""button6"" value=""6"" onClick = ""pressSubmit2(6, 81)""></div><div class = Button7><input type=""button"" id = ""button7"" value=""7"" onClick = ""pressSubmit2(7, 81)""></div></div></div></div>","81","1315","38","","","","","","","","7","Fritos.bmp","noGo","0"
"","967","81","967","-1","post_task","poldrack-single-stim","501","831887","0.0-31.0-39.0","go_nogo","true","0","","<div class = bigBox><div class = pictureBox><img class='img.displayed' src='/static/experiments/gng_food/images/grapenerds.bmp'></img></div><div class = sliderbox><div class = buttonBox><div class = Button1><input type=""button"" id = ""button1"" value=""1"" onClick = ""pressSubmit2(1, 81)""></div><div class = Button2><input type=""button"" id = ""button2"" value=""2"" onClick = ""pressSubmit2(2, 81)""></div><div class = Button3><input type=""button"" id = ""button3"" value=""3"" onClick = ""pressSubmit2(3, 81)""></div><div class = Button4><input type=""button"" id = ""button4"" value=""4"" onClick = ""pressSubmit2(4, 81)""></div><div class = Button5><input type=""button"" id = ""button5"" value=""5"" onClick = ""pressSubmit2(5, 81)""></div><div class = Button6><input type=""button"" id = ""button6"" value=""6"" onClick = ""pressSubmit2(6, 81)""></div><div class = Button7><input type=""button"" id = ""button7"" value=""7"" onClick = ""pressSubmit2(7, 81)""></div></div></div></div>","81","967","39","","","","","","","","7","grapenerds.bmp","noGo","0"
"","1023","81","1023","-1","post_task","poldrack-single-stim","502","832910","0.0-31.0-40.0","go_nogo","true","0","","<div class = bigBox><div class = pictureBox><img class='img.displayed' src='/static/experiments/gng_food/images/butterfinger.bmp'></img></div><div class = sliderbox><div class = buttonBox><div class = Button1><input type=""button"" id = ""button1"" value=""1"" onClick = ""pressSubmit2(1, 81)""></div><div class = Button2><input type=""button"" id = ""button2"" value=""2"" onClick = ""pressSubmit2(2, 81)""></div><div class = Button3><input type=""button"" id = ""button3"" value=""3"" onClick = ""pressSubmit2(3, 81)""></div><div class = Button4><input type=""button"" id = ""button4"" value=""4"" onClick = ""pressSubmit2(4, 81)""></div><div class = Button5><input type=""button"" id = ""button5"" value=""5"" onClick = ""pressSubmit2(5, 81)""></div><div class = Button6><input type=""button"" id = ""button6"" value=""6"" onClick = ""pressSubmit2(6, 81)""></div><div class = Button7><input type=""button"" id = ""button7"" value=""7"" onClick = ""pressSubmit2(7, 81)""></div></div></div></div>","81","1023","40","","","","","","","","6","butterfinger.bmp","go","0"
"","1720","81","1720","-1","post_task","poldrack-single-stim","503","834632","0.0-31.0-41.0","go_nogo","true","0","","<div class = bigBox><div class = pictureBox><img class='img.displayed' src='/static/experiments/gng_food/images/Lindt_small.bmp'></img></div><div class = sliderbox><div class = buttonBox><div class = Button1><input type=""button"" id = ""button1"" value=""1"" onClick = ""pressSubmit2(1, 81)""></div><div class = Button2><input type=""button"" id = ""button2"" value=""2"" onClick = ""pressSubmit2(2, 81)""></div><div class = Button3><input type=""button"" id = ""button3"" value=""3"" onClick = ""pressSubmit2(3, 81)""></div><div class = Button4><input type=""button"" id = ""button4"" value=""4"" onClick = ""pressSubmit2(4, 81)""></div><div class = Button5><input type=""button"" id = ""button5"" value=""5"" onClick = ""pressSubmit2(5, 81)""></div><div class = Button6><input type=""button"" id = ""button6"" value=""6"" onClick = ""pressSubmit2(6, 81)""></div><div class = Button7><input type=""button"" id = ""button7"" value=""7"" onClick = ""pressSubmit2(7, 81)""></div></div></div></div>","81","1720","41","","","","","","","","5","Lindt_small.bmp","go","0"
"","1552","81","1552","-1","post_task","poldrack-single-stim","504","836184","0.0-31.0-42.0","go_nogo","true","0","","<div class = bigBox><div class = pictureBox><img class='img.displayed' src='/static/experiments/gng_food/images/Cupcakes.bmp'></img></div><div class = sliderbox><div class = buttonBox><div class = Button1><input type=""button"" id = ""button1"" value=""1"" onClick = ""pressSubmit2(1, 81)""></div><div class = Button2><input type=""button"" id = ""button2"" value=""2"" onClick = ""pressSubmit2(2, 81)""></div><div class = Button3><input type=""button"" id = ""button3"" value=""3"" onClick = ""pressSubmit2(3, 81)""></div><div class = Button4><input type=""button"" id = ""button4"" value=""4"" onClick = ""pressSubmit2(4, 81)""></div><div class = Button5><input type=""button"" id = ""button5"" value=""5"" onClick = ""pressSubmit2(5, 81)""></div><div class = Button6><input type=""button"" id = ""button6"" value=""6"" onClick = ""pressSubmit2(6, 81)""></div><div class = Button7><input type=""button"" id = ""button7"" value=""7"" onClick = ""pressSubmit2(7, 81)""></div></div></div></div>","81","1552","42","","","","","","","","6","Cupcakes.bmp","go","0"
"","1157","81","1157","-1","post_task","poldrack-single-stim","505","837343","0.0-31.0-43.0","go_nogo","true","0","","<div class = bigBox><div class = pictureBox><img class='img.displayed' src='/static/experiments/gng_food/images/MilkyWay.bmp'></img></div><div class = sliderbox><div class = buttonBox><div class = Button1><input type=""button"" id = ""button1"" value=""1"" onClick = ""pressSubmit2(1, 81)""></div><div class = Button2><input type=""button"" id = ""button2"" value=""2"" onClick = ""pressSubmit2(2, 81)""></div><div class = Button3><input type=""button"" id = ""button3"" value=""3"" onClick = ""pressSubmit2(3, 81)""></div><div class = Button4><input type=""button"" id = ""button4"" value=""4"" onClick = ""pressSubmit2(4, 81)""></div><div class = Button5><input type=""button"" id = ""button5"" value=""5"" onClick = ""pressSubmit2(5, 81)""></div><div class = Button6><input type=""button"" id = ""button6"" value=""6"" onClick = ""pressSubmit2(6, 81)""></div><div class = Button7><input type=""button"" id = ""button7"" value=""7"" onClick = ""pressSubmit2(7, 81)""></div></div></div></div>","81","1157","43","","","","","","","","6","MilkyWay.bmp","untrained","0"
"","978","81","978","-1","post_task","poldrack-single-stim","506","838322","0.0-31.0-44.0","go_nogo","true","0","","<div class = bigBox><div class = pictureBox><img class='img.displayed' src='/static/experiments/gng_food/images/AppleJacks.bmp'></img></div><div class = sliderbox><div class = buttonBox><div class = Button1><input type=""button"" id = ""button1"" value=""1"" onClick = ""pressSubmit2(1, 81)""></div><div class = Button2><input type=""button"" id = ""button2"" value=""2"" onClick = ""pressSubmit2(2, 81)""></div><div class = Button3><input type=""button"" id = ""button3"" value=""3"" onClick = ""pressSubmit2(3, 81)""></div><div class = Button4><input type=""button"" id = ""button4"" value=""4"" onClick = ""pressSubmit2(4, 81)""></div><div class = Button5><input type=""button"" id = ""button5"" value=""5"" onClick = ""pressSubmit2(5, 81)""></div><div class = Button6><input type=""button"" id = ""button6"" value=""6"" onClick = ""pressSubmit2(6, 81)""></div><div class = Button7><input type=""button"" id = ""button7"" value=""7"" onClick = ""pressSubmit2(7, 81)""></div></div></div></div>","81","978","44","","","","","","","","6","AppleJacks.bmp","go","0"
"","1315","81","1315","-1","post_task","poldrack-single-stim","507","839638","0.0-31.0-45.0","go_nogo","true","0","","<div class = bigBox><div class = pictureBox><img class='img.displayed' src='/static/experiments/gng_food/images/lollipopred.bmp'></img></div><div class = sliderbox><div class = buttonBox><div class = Button1><input type=""button"" id = ""button1"" value=""1"" onClick = ""pressSubmit2(1, 81)""></div><div class = Button2><input type=""button"" id = ""button2"" value=""2"" onClick = ""pressSubmit2(2, 81)""></div><div class = Button3><input type=""button"" id = ""button3"" value=""3"" onClick = ""pressSubmit2(3, 81)""></div><div class = Button4><input type=""button"" id = ""button4"" value=""4"" onClick = ""pressSubmit2(4, 81)""></div><div class = Button5><input type=""button"" id = ""button5"" value=""5"" onClick = ""pressSubmit2(5, 81)""></div><div class = Button6><input type=""button"" id = ""button6"" value=""6"" onClick = ""pressSubmit2(6, 81)""></div><div class = Button7><input type=""button"" id = ""button7"" value=""7"" onClick = ""pressSubmit2(7, 81)""></div></div></div></div>","81","1315","45","","","","","","","","5","lollipopred.bmp","go","0"
"","3521","81","3521","-1","post_task","poldrack-single-stim","508","843160","0.0-31.0-46.0","go_nogo","true","0","","<div class = bigBox><div class = pictureBox><img class='img.displayed' src='/static/experiments/gng_food/images/carrots.bmp'></img></div><div class = sliderbox><div class = buttonBox><div class = Button1><input type=""button"" id = ""button1"" value=""1"" onClick = ""pressSubmit2(1, 81)""></div><div class = Button2><input type=""button"" id = ""button2"" value=""2"" onClick = ""pressSubmit2(2, 81)""></div><div class = Button3><input type=""button"" id = ""button3"" value=""3"" onClick = ""pressSubmit2(3, 81)""></div><div class = Button4><input type=""button"" id = ""button4"" value=""4"" onClick = ""pressSubmit2(4, 81)""></div><div class = Button5><input type=""button"" id = ""button5"" value=""5"" onClick = ""pressSubmit2(5, 81)""></div><div class = Button6><input type=""button"" id = ""button6"" value=""6"" onClick = ""pressSubmit2(6, 81)""></div><div class = Button7><input type=""button"" id = ""button7"" value=""7"" onClick = ""pressSubmit2(7, 81)""></div></div></div></div>","81","3521","46","","","","","","","","3","carrots.bmp","untrained","-2"
"","1619","81","1619","-1","post_task","poldrack-single-stim","509","844779","0.0-31.0-47.0","go_nogo","true","0","","<div class = bigBox><div class = pictureBox><img class='img.displayed' src='/static/experiments/gng_food/images/mixedyogart.bmp'></img></div><div class = sliderbox><div class = buttonBox><div class = Button1><input type=""button"" id = ""button1"" value=""1"" onClick = ""pressSubmit2(1, 81)""></div><div class = Button2><input type=""button"" id = ""button2"" value=""2"" onClick = ""pressSubmit2(2, 81)""></div><div class = Button3><input type=""button"" id = ""button3"" value=""3"" onClick = ""pressSubmit2(3, 81)""></div><div class = Button4><input type=""button"" id = ""button4"" value=""4"" onClick = ""pressSubmit2(4, 81)""></div><div class = Button5><input type=""button"" id = ""button5"" value=""5"" onClick = ""pressSubmit2(5, 81)""></div><div class = Button6><input type=""button"" id = ""button6"" value=""6"" onClick = ""pressSubmit2(6, 81)""></div><div class = Button7><input type=""button"" id = ""button7"" value=""7"" onClick = ""pressSubmit2(7, 81)""></div></div></div></div>","81","1619","47","","","","","","","","5","mixedyogart.bmp","go","0"
"","1585","81","1585","-1","post_task","poldrack-single-stim","510","846365","0.0-31.0-48.0","go_nogo","true","0","","<div class = bigBox><div class = pictureBox><img class='img.displayed' src='/static/experiments/gng_food/images/FamousAmos_small.bmp'></img></div><div class = sliderbox><div class = buttonBox><div class = Button1><input type=""button"" id = ""button1"" value=""1"" onClick = ""pressSubmit2(1, 81)""></div><div class = Button2><input type=""button"" id = ""button2"" value=""2"" onClick = ""pressSubmit2(2, 81)""></div><div class = Button3><input type=""button"" id = ""button3"" value=""3"" onClick = ""pressSubmit2(3, 81)""></div><div class = Button4><input type=""button"" id = ""button4"" value=""4"" onClick = ""pressSubmit2(4, 81)""></div><div class = Button5><input type=""button"" id = ""button5"" value=""5"" onClick = ""pressSubmit2(5, 81)""></div><div class = Button6><input type=""button"" id = ""button6"" value=""6"" onClick = ""pressSubmit2(6, 81)""></div><div class = Button7><input type=""button"" id = ""button7"" value=""7"" onClick = ""pressSubmit2(7, 81)""></div></div></div></div>","81","1585","48","","","","","","","","5","FamousAmos_small.bmp","go","0"
"","1170","81","1170","-1","post_task","poldrack-single-stim","511","847536","0.0-31.0-49.0","go_nogo","true","0","","<div class = bigBox><div class = pictureBox><img class='img.displayed' src='/static/experiments/gng_food/images/TeddyGrahamsCinnamon.bmp'></img></div><div class = sliderbox><div class = buttonBox><div class = Button1><input type=""button"" id = ""button1"" value=""1"" onClick = ""pressSubmit2(1, 81)""></div><div class = Button2><input type=""button"" id = ""button2"" value=""2"" onClick = ""pressSubmit2(2, 81)""></div><div class = Button3><input type=""button"" id = ""button3"" value=""3"" onClick = ""pressSubmit2(3, 81)""></div><div class = Button4><input type=""button"" id = ""button4"" value=""4"" onClick = ""pressSubmit2(4, 81)""></div><div class = Button5><input type=""button"" id = ""button5"" value=""5"" onClick = ""pressSubmit2(5, 81)""></div><div class = Button6><input type=""button"" id = ""button6"" value=""6"" onClick = ""pressSubmit2(6, 81)""></div><div class = Button7><input type=""button"" id = ""button7"" value=""7"" onClick = ""pressSubmit2(7, 81)""></div></div></div></div>","81","1170","49","","","","","","","","5","TeddyGrahamsCinnamon.bmp","go","0"
"","1168","81","1168","-1","post_task","poldrack-single-stim","512","848705","0.0-31.0-50.0","go_nogo","true","0","","<div class = bigBox><div class = pictureBox><img class='img.displayed' src='/static/experiments/gng_food/images/chocpudding.bmp'></img></div><div class = sliderbox><div class = buttonBox><div class = Button1><input type=""button"" id = ""button1"" value=""1"" onClick = ""pressSubmit2(1, 81)""></div><div class = Button2><input type=""button"" id = ""button2"" value=""2"" onClick = ""pressSubmit2(2, 81)""></div><div class = Button3><input type=""button"" id = ""button3"" value=""3"" onClick = ""pressSubmit2(3, 81)""></div><div class = Button4><input type=""button"" id = ""button4"" value=""4"" onClick = ""pressSubmit2(4, 81)""></div><div class = Button5><input type=""button"" id = ""button5"" value=""5"" onClick = ""pressSubmit2(5, 81)""></div><div class = Button6><input type=""button"" id = ""button6"" value=""6"" onClick = ""pressSubmit2(6, 81)""></div><div class = Button7><input type=""button"" id = ""button7"" value=""7"" onClick = ""pressSubmit2(7, 81)""></div></div></div></div>","81","1168","50","","","","","","","","5","chocpudding.bmp","go","0"
"","1068","81","1068","-1","post_task","poldrack-single-stim","513","849774","0.0-31.0-51.0","go_nogo","true","0","","<div class = bigBox><div class = pictureBox><img class='img.displayed' src='/static/experiments/gng_food/images/ChipsAhoy_small.bmp'></img></div><div class = sliderbox><div class = buttonBox><div class = Button1><input type=""button"" id = ""button1"" value=""1"" onClick = ""pressSubmit2(1, 81)""></div><div class = Button2><input type=""button"" id = ""button2"" value=""2"" onClick = ""pressSubmit2(2, 81)""></div><div class = Button3><input type=""button"" id = ""button3"" value=""3"" onClick = ""pressSubmit2(3, 81)""></div><div class = Button4><input type=""button"" id = ""button4"" value=""4"" onClick = ""pressSubmit2(4, 81)""></div><div class = Button5><input type=""button"" id = ""button5"" value=""5"" onClick = ""pressSubmit2(5, 81)""></div><div class = Button6><input type=""button"" id = ""button6"" value=""6"" onClick = ""pressSubmit2(6, 81)""></div><div class = Button7><input type=""button"" id = ""button7"" value=""7"" onClick = ""pressSubmit2(7, 81)""></div></div></div></div>","81","1068","51","","","","","","","","5","ChipsAhoy_small.bmp","go","0"
"","1045","81","1045","-1","post_task","poldrack-single-stim","514","850821","0.0-31.0-52.0","go_nogo","true","0","","<div class = bigBox><div class = pictureBox><img class='img.displayed' src='/static/experiments/gng_food/images/CheesyDoritos.bmp'></img></div><div class = sliderbox><div class = buttonBox><div class = Button1><input type=""button"" id = ""button1"" value=""1"" onClick = ""pressSubmit2(1, 81)""></div><div class = Button2><input type=""button"" id = ""button2"" value=""2"" onClick = ""pressSubmit2(2, 81)""></div><div class = Button3><input type=""button"" id = ""button3"" value=""3"" onClick = ""pressSubmit2(3, 81)""></div><div class = Button4><input type=""button"" id = ""button4"" value=""4"" onClick = ""pressSubmit2(4, 81)""></div><div class = Button5><input type=""button"" id = ""button5"" value=""5"" onClick = ""pressSubmit2(5, 81)""></div><div class = Button6><input type=""button"" id = ""button6"" value=""6"" onClick = ""pressSubmit2(6, 81)""></div><div class = Button7><input type=""button"" id = ""button7"" value=""7"" onClick = ""pressSubmit2(7, 81)""></div></div></div></div>","81","1045","52","","","","","","","","5","CheesyDoritos.bmp","untrained","-1"
"","1428","81","1428","-1","post_task","poldrack-single-stim","515","852249","0.0-31.0-53.0","go_nogo","true","0","","<div class = bigBox><div class = pictureBox><img class='img.displayed' src='/static/experiments/gng_food/images/chocolate_mm.bmp'></img></div><div class = sliderbox><div class = buttonBox><div class = Button1><input type=""button"" id = ""button1"" value=""1"" onClick = ""pressSubmit2(1, 81)""></div><div class = Button2><input type=""button"" id = ""button2"" value=""2"" onClick = ""pressSubmit2(2, 81)""></div><div class = Button3><input type=""button"" id = ""button3"" value=""3"" onClick = ""pressSubmit2(3, 81)""></div><div class = Button4><input type=""button"" id = ""button4"" value=""4"" onClick = ""pressSubmit2(4, 81)""></div><div class = Button5><input type=""button"" id = ""button5"" value=""5"" onClick = ""pressSubmit2(5, 81)""></div><div class = Button6><input type=""button"" id = ""button6"" value=""6"" onClick = ""pressSubmit2(6, 81)""></div><div class = Button7><input type=""button"" id = ""button7"" value=""7"" onClick = ""pressSubmit2(7, 81)""></div></div></div></div>","81","1428","53","","","","","","","","6","chocolate_mm.bmp","untrained","0"
"","1135","81","1135","-1","post_task","poldrack-single-stim","516","853386","0.0-31.0-54.0","go_nogo","true","0","","<div class = bigBox><div class = pictureBox><img class='img.displayed' src='/static/experiments/gng_food/images/Oreos.bmp'></img></div><div class = sliderbox><div class = buttonBox><div class = Button1><input type=""button"" id = ""button1"" value=""1"" onClick = ""pressSubmit2(1, 81)""></div><div class = Button2><input type=""button"" id = ""button2"" value=""2"" onClick = ""pressSubmit2(2, 81)""></div><div class = Button3><input type=""button"" id = ""button3"" value=""3"" onClick = ""pressSubmit2(3, 81)""></div><div class = Button4><input type=""button"" id = ""button4"" value=""4"" onClick = ""pressSubmit2(4, 81)""></div><div class = Button5><input type=""button"" id = ""button5"" value=""5"" onClick = ""pressSubmit2(5, 81)""></div><div class = Button6><input type=""button"" id = ""button6"" value=""6"" onClick = ""pressSubmit2(6, 81)""></div><div class = Button7><input type=""button"" id = ""button7"" value=""7"" onClick = ""pressSubmit2(7, 81)""></div></div></div></div>","81","1135","54","","","","","","","","6","Oreos.bmp","go","0"
"","1124","81","1124","-1","post_task","poldrack-single-stim","517","854511","0.0-31.0-55.0","go_nogo","true","0","","<div class = bigBox><div class = pictureBox><img class='img.displayed' src='/static/experiments/gng_food/images/Ruffles.bmp'></img></div><div class = sliderbox><div class = buttonBox><div class = Button1><input type=""button"" id = ""button1"" value=""1"" onClick = ""pressSubmit2(1, 81)""></div><div class = Button2><input type=""button"" id = ""button2"" value=""2"" onClick = ""pressSubmit2(2, 81)""></div><div class = Button3><input type=""button"" id = ""button3"" value=""3"" onClick = ""pressSubmit2(3, 81)""></div><div class = Button4><input type=""button"" id = ""button4"" value=""4"" onClick = ""pressSubmit2(4, 81)""></div><div class = Button5><input type=""button"" id = ""button5"" value=""5"" onClick = ""pressSubmit2(5, 81)""></div><div class = Button6><input type=""button"" id = ""button6"" value=""6"" onClick = ""pressSubmit2(6, 81)""></div><div class = Button7><input type=""button"" id = ""button7"" value=""7"" onClick = ""pressSubmit2(7, 81)""></div></div></div></div>","81","1124","55","","","","","","","","6","Ruffles.bmp","go","0"
"","978","81","978","-1","post_task","poldrack-single-stim","518","855489","0.0-31.0-56.0","go_nogo","true","0","","<div class = bigBox><div class = pictureBox><img class='img.displayed' src='/static/experiments/gng_food/images/FrostedFlakes.bmp'></img></div><div class = sliderbox><div class = buttonBox><div class = Button1><input type=""button"" id = ""button1"" value=""1"" onClick = ""pressSubmit2(1, 81)""></div><div class = Button2><input type=""button"" id = ""button2"" value=""2"" onClick = ""pressSubmit2(2, 81)""></div><div class = Button3><input type=""button"" id = ""button3"" value=""3"" onClick = ""pressSubmit2(3, 81)""></div><div class = Button4><input type=""button"" id = ""button4"" value=""4"" onClick = ""pressSubmit2(4, 81)""></div><div class = Button5><input type=""button"" id = ""button5"" value=""5"" onClick = ""pressSubmit2(5, 81)""></div><div class = Button6><input type=""button"" id = ""button6"" value=""6"" onClick = ""pressSubmit2(6, 81)""></div><div class = Button7><input type=""button"" id = ""button7"" value=""7"" onClick = ""pressSubmit2(7, 81)""></div></div></div></div>","81","978","56","","","","","","","","6","FrostedFlakes.bmp","untrained","0"
"","1685","81","1685","-1","post_task","poldrack-single-stim","519","857177","0.0-31.0-57.0","go_nogo","true","0","","<div class = bigBox><div class = pictureBox><img class='img.displayed' src='/static/experiments/gng_food/images/redgrapes.bmp'></img></div><div class = sliderbox><div class = buttonBox><div class = Button1><input type=""button"" id = ""button1"" value=""1"" onClick = ""pressSubmit2(1, 81)""></div><div class = Button2><input type=""button"" id = ""button2"" value=""2"" onClick = ""pressSubmit2(2, 81)""></div><div class = Button3><input type=""button"" id = ""button3"" value=""3"" onClick = ""pressSubmit2(3, 81)""></div><div class = Button4><input type=""button"" id = ""button4"" value=""4"" onClick = ""pressSubmit2(4, 81)""></div><div class = Button5><input type=""button"" id = ""button5"" value=""5"" onClick = ""pressSubmit2(5, 81)""></div><div class = Button6><input type=""button"" id = ""button6"" value=""6"" onClick = ""pressSubmit2(6, 81)""></div><div class = Button7><input type=""button"" id = ""button7"" value=""7"" onClick = ""pressSubmit2(7, 81)""></div></div></div></div>","81","1685","57","","","","","","","","6","redgrapes.bmp","go","0"
"","1033","81","1033","-1","post_task","poldrack-single-stim","520","858212","0.0-31.0-58.0","go_nogo","true","0","","<div class = bigBox><div class = pictureBox><img class='img.displayed' src='/static/experiments/gng_food/images/trix.bmp'></img></div><div class = sliderbox><div class = buttonBox><div class = Button1><input type=""button"" id = ""button1"" value=""1"" onClick = ""pressSubmit2(1, 81)""></div><div class = Button2><input type=""button"" id = ""button2"" value=""2"" onClick = ""pressSubmit2(2, 81)""></div><div class = Button3><input type=""button"" id = ""button3"" value=""3"" onClick = ""pressSubmit2(3, 81)""></div><div class = Button4><input type=""button"" id = ""button4"" value=""4"" onClick = ""pressSubmit2(4, 81)""></div><div class = Button5><input type=""button"" id = ""button5"" value=""5"" onClick = ""pressSubmit2(5, 81)""></div><div class = Button6><input type=""button"" id = ""button6"" value=""6"" onClick = ""pressSubmit2(6, 81)""></div><div class = Button7><input type=""button"" id = ""button7"" value=""7"" onClick = ""pressSubmit2(7, 81)""></div></div></div></div>","81","1033","58","","","","","","","","6","trix.bmp","go","0"
"","1597","81","1597","-1","post_task","poldrack-single-stim","521","859809","0.0-31.0-59.0","go_nogo","true","0","","<div class = bigBox><div class = pictureBox><img class='img.displayed' src='/static/experiments/gng_food/images/TootsieRolls.bmp'></img></div><div class = sliderbox><div class = buttonBox><div class = Button1><input type=""button"" id = ""button1"" value=""1"" onClick = ""pressSubmit2(1, 81)""></div><div class = Button2><input type=""button"" id = ""button2"" value=""2"" onClick = ""pressSubmit2(2, 81)""></div><div class = Button3><input type=""button"" id = ""button3"" value=""3"" onClick = ""pressSubmit2(3, 81)""></div><div class = Button4><input type=""button"" id = ""button4"" value=""4"" onClick = ""pressSubmit2(4, 81)""></div><div class = Button5><input type=""button"" id = ""button5"" value=""5"" onClick = ""pressSubmit2(5, 81)""></div><div class = Button6><input type=""button"" id = ""button6"" value=""6"" onClick = ""pressSubmit2(6, 81)""></div><div class = Button7><input type=""button"" id = ""button7"" value=""7"" onClick = ""pressSubmit2(7, 81)""></div></div></div></div>","81","1597","59","","","","","","","","5","TootsieRolls.bmp","go","0"
"","1337","81","1337","-1","post_task","poldrack-single-stim","522","861148","0.0-31.0-60.0","go_nogo","true","0","","<div class = bigBox><div class = pictureBox><img class='img.displayed' src='/static/experiments/gng_food/images/FlamingCheetos.bmp'></img></div><div class = sliderbox><div class = buttonBox><div class = Button1><input type=""button"" id = ""button1"" value=""1"" onClick = ""pressSubmit2(1, 81)""></div><div class = Button2><input type=""button"" id = ""button2"" value=""2"" onClick = ""pressSubmit2(2, 81)""></div><div class = Button3><input type=""button"" id = ""button3"" value=""3"" onClick = ""pressSubmit2(3, 81)""></div><div class = Button4><input type=""button"" id = ""button4"" value=""4"" onClick = ""pressSubmit2(4, 81)""></div><div class = Button5><input type=""button"" id = ""button5"" value=""5"" onClick = ""pressSubmit2(5, 81)""></div><div class = Button6><input type=""button"" id = ""button6"" value=""6"" onClick = ""pressSubmit2(6, 81)""></div><div class = Button7><input type=""button"" id = ""button7"" value=""7"" onClick = ""pressSubmit2(7, 81)""></div></div></div></div>","81","1337","60","","","","","","","","5","FlamingCheetos.bmp","go","0"
"","956","81","956","-1","post_task","poldrack-single-stim","523","862105","0.0-31.0-61.0","go_nogo","true","0","","<div class = bigBox><div class = pictureBox><img class='img.displayed' src='/static/experiments/gng_food/images/FrootLoops.bmp'></img></div><div class = sliderbox><div class = buttonBox><div class = Button1><input type=""button"" id = ""button1"" value=""1"" onClick = ""pressSubmit2(1, 81)""></div><div class = Button2><input type=""button"" id = ""button2"" value=""2"" onClick = ""pressSubmit2(2, 81)""></div><div class = Button3><input type=""button"" id = ""button3"" value=""3"" onClick = ""pressSubmit2(3, 81)""></div><div class = Button4><input type=""button"" id = ""button4"" value=""4"" onClick = ""pressSubmit2(4, 81)""></div><div class = Button5><input type=""button"" id = ""button5"" value=""5"" onClick = ""pressSubmit2(5, 81)""></div><div class = Button6><input type=""button"" id = ""button6"" value=""6"" onClick = ""pressSubmit2(6, 81)""></div><div class = Button7><input type=""button"" id = ""button7"" value=""7"" onClick = ""pressSubmit2(7, 81)""></div></div></div></div>","81","956","61","","","","","","","","6","FrootLoops.bmp","go","0"
"","1337","81","1337","-1","post_task","poldrack-single-stim","524","863443","0.0-31.0-62.0","go_nogo","true","0","","<div class = bigBox><div class = pictureBox><img class='img.displayed' src='/static/experiments/gng_food/images/banana.bmp'></img></div><div class = sliderbox><div class = buttonBox><div class = Button1><input type=""button"" id = ""button1"" value=""1"" onClick = ""pressSubmit2(1, 81)""></div><div class = Button2><input type=""button"" id = ""button2"" value=""2"" onClick = ""pressSubmit2(2, 81)""></div><div class = Button3><input type=""button"" id = ""button3"" value=""3"" onClick = ""pressSubmit2(3, 81)""></div><div class = Button4><input type=""button"" id = ""button4"" value=""4"" onClick = ""pressSubmit2(4, 81)""></div><div class = Button5><input type=""button"" id = ""button5"" value=""5"" onClick = ""pressSubmit2(5, 81)""></div><div class = Button6><input type=""button"" id = ""button6"" value=""6"" onClick = ""pressSubmit2(6, 81)""></div><div class = Button7><input type=""button"" id = ""button7"" value=""7"" onClick = ""pressSubmit2(7, 81)""></div></div></div></div>","81","1337","62","","","","","","","","6","banana.bmp","go","0"
"","1686","81","1686","-1","post_task","poldrack-single-stim","525","865131","0.0-31.0-63.0","go_nogo","true","0","","<div class = bigBox><div class = pictureBox><img class='img.displayed' src='/static/experiments/gng_food/images/snickers.bmp'></img></div><div class = sliderbox><div class = buttonBox><div class = Button1><input type=""button"" id = ""button1"" value=""1"" onClick = ""pressSubmit2(1, 81)""></div><div class = Button2><input type=""button"" id = ""button2"" value=""2"" onClick = ""pressSubmit2(2, 81)""></div><div class = Button3><input type=""button"" id = ""button3"" value=""3"" onClick = ""pressSubmit2(3, 81)""></div><div class = Button4><input type=""button"" id = ""button4"" value=""4"" onClick = ""pressSubmit2(4, 81)""></div><div class = Button5><input type=""button"" id = ""button5"" value=""5"" onClick = ""pressSubmit2(5, 81)""></div><div class = Button6><input type=""button"" id = ""button6"" value=""6"" onClick = ""pressSubmit2(6, 81)""></div><div class = Button7><input type=""button"" id = ""button7"" value=""7"" onClick = ""pressSubmit2(7, 81)""></div></div></div></div>","81","1686","63","","","","","","","","6","snickers.bmp","go","0"
"","2508","81","2508","-1","post_task","poldrack-single-stim","526","867639","0.0-31.0-64.0","go_nogo","true","0","","<div class = bigBox><div class = pictureBox><img class='img.displayed' src='/static/experiments/gng_food/images/Toberlorone.bmp'></img></div><div class = sliderbox><div class = buttonBox><div class = Button1><input type=""button"" id = ""button1"" value=""1"" onClick = ""pressSubmit2(1, 81)""></div><div class = Button2><input type=""button"" id = ""button2"" value=""2"" onClick = ""pressSubmit2(2, 81)""></div><div class = Button3><input type=""button"" id = ""button3"" value=""3"" onClick = ""pressSubmit2(3, 81)""></div><div class = Button4><input type=""button"" id = ""button4"" value=""4"" onClick = ""pressSubmit2(4, 81)""></div><div class = Button5><input type=""button"" id = ""button5"" value=""5"" onClick = ""pressSubmit2(5, 81)""></div><div class = Button6><input type=""button"" id = ""button6"" value=""6"" onClick = ""pressSubmit2(6, 81)""></div><div class = Button7><input type=""button"" id = ""button7"" value=""7"" onClick = ""pressSubmit2(7, 81)""></div></div></div></div>","81","2508","64","","","","","","","","5","Toberlorone.bmp","go","-1"
"","1551","81","1551","-1","post_task","poldrack-single-stim","527","869192","0.0-31.0-65.0","go_nogo","true","0","","<div class = bigBox><div class = pictureBox><img class='img.displayed' src='/static/experiments/gng_food/images/KitKat_small.bmp'></img></div><div class = sliderbox><div class = buttonBox><div class = Button1><input type=""button"" id = ""button1"" value=""1"" onClick = ""pressSubmit2(1, 81)""></div><div class = Button2><input type=""button"" id = ""button2"" value=""2"" onClick = ""pressSubmit2(2, 81)""></div><div class = Button3><input type=""button"" id = ""button3"" value=""3"" onClick = ""pressSubmit2(3, 81)""></div><div class = Button4><input type=""button"" id = ""button4"" value=""4"" onClick = ""pressSubmit2(4, 81)""></div><div class = Button5><input type=""button"" id = ""button5"" value=""5"" onClick = ""pressSubmit2(5, 81)""></div><div class = Button6><input type=""button"" id = ""button6"" value=""6"" onClick = ""pressSubmit2(6, 81)""></div><div class = Button7><input type=""button"" id = ""button7"" value=""7"" onClick = ""pressSubmit2(7, 81)""></div></div></div></div>","81","1551","65","","","","","","","","7","KitKat_small.bmp","noGo","0"
"","2081","81","2081","-1","post_task","poldrack-single-stim","528","871273","0.0-31.0-66.0","go_nogo","true","0","","<div class = bigBox><div class = pictureBox><img class='img.displayed' src='/static/experiments/gng_food/images/grannysmith.bmp'></img></div><div class = sliderbox><div class = buttonBox><div class = Button1><input type=""button"" id = ""button1"" value=""1"" onClick = ""pressSubmit2(1, 81)""></div><div class = Button2><input type=""button"" id = ""button2"" value=""2"" onClick = ""pressSubmit2(2, 81)""></div><div class = Button3><input type=""button"" id = ""button3"" value=""3"" onClick = ""pressSubmit2(3, 81)""></div><div class = Button4><input type=""button"" id = ""button4"" value=""4"" onClick = ""pressSubmit2(4, 81)""></div><div class = Button5><input type=""button"" id = ""button5"" value=""5"" onClick = ""pressSubmit2(5, 81)""></div><div class = Button6><input type=""button"" id = ""button6"" value=""6"" onClick = ""pressSubmit2(6, 81)""></div><div class = Button7><input type=""button"" id = ""button7"" value=""7"" onClick = ""pressSubmit2(7, 81)""></div></div></div></div>","81","2081","66","","","","","","","","5","grannysmith.bmp","go","0"
"","1461","81","1461","-1","post_task","poldrack-single-stim","529","872736","0.0-31.0-67.0","go_nogo","true","0","","<div class = bigBox><div class = pictureBox><img class='img.displayed' src='/static/experiments/gng_food/images/Twix.bmp'></img></div><div class = sliderbox><div class = buttonBox><div class = Button1><input type=""button"" id = ""button1"" value=""1"" onClick = ""pressSubmit2(1, 81)""></div><div class = Button2><input type=""button"" id = ""button2"" value=""2"" onClick = ""pressSubmit2(2, 81)""></div><div class = Button3><input type=""button"" id = ""button3"" value=""3"" onClick = ""pressSubmit2(3, 81)""></div><div class = Button4><input type=""button"" id = ""button4"" value=""4"" onClick = ""pressSubmit2(4, 81)""></div><div class = Button5><input type=""button"" id = ""button5"" value=""5"" onClick = ""pressSubmit2(5, 81)""></div><div class = Button6><input type=""button"" id = ""button6"" value=""6"" onClick = ""pressSubmit2(6, 81)""></div><div class = Button7><input type=""button"" id = ""button7"" value=""7"" onClick = ""pressSubmit2(7, 81)""></div></div></div></div>","81","1461","67","","","","","","","","7","Twix.bmp","noGo","0"
"","1147","81","1147","-1","post_task","poldrack-single-stim","530","873883","0.0-31.0-68.0","go_nogo","true","0","","<div class = bigBox><div class = pictureBox><img class='img.displayed' src='/static/experiments/gng_food/images/starburst.bmp'></img></div><div class = sliderbox><div class = buttonBox><div class = Button1><input type=""button"" id = ""button1"" value=""1"" onClick = ""pressSubmit2(1, 81)""></div><div class = Button2><input type=""button"" id = ""button2"" value=""2"" onClick = ""pressSubmit2(2, 81)""></div><div class = Button3><input type=""button"" id = ""button3"" value=""3"" onClick = ""pressSubmit2(3, 81)""></div><div class = Button4><input type=""button"" id = ""button4"" value=""4"" onClick = ""pressSubmit2(4, 81)""></div><div class = Button5><input type=""button"" id = ""button5"" value=""5"" onClick = ""pressSubmit2(5, 81)""></div><div class = Button6><input type=""button"" id = ""button6"" value=""6"" onClick = ""pressSubmit2(6, 81)""></div><div class = Button7><input type=""button"" id = ""button7"" value=""7"" onClick = ""pressSubmit2(7, 81)""></div></div></div></div>","81","1147","68","","","","","","","","5","starburst.bmp","untrained","0"
"","1562","81","1562","-1","post_task","poldrack-single-stim","531","875447","0.0-31.0-69.0","go_nogo","true","0","","<div class = bigBox><div class = pictureBox><img class='img.displayed' src='/static/experiments/gng_food/images/keeblerrainbow.bmp'></img></div><div class = sliderbox><div class = buttonBox><div class = Button1><input type=""button"" id = ""button1"" value=""1"" onClick = ""pressSubmit2(1, 81)""></div><div class = Button2><input type=""button"" id = ""button2"" value=""2"" onClick = ""pressSubmit2(2, 81)""></div><div class = Button3><input type=""button"" id = ""button3"" value=""3"" onClick = ""pressSubmit2(3, 81)""></div><div class = Button4><input type=""button"" id = ""button4"" value=""4"" onClick = ""pressSubmit2(4, 81)""></div><div class = Button5><input type=""button"" id = ""button5"" value=""5"" onClick = ""pressSubmit2(5, 81)""></div><div class = Button6><input type=""button"" id = ""button6"" value=""6"" onClick = ""pressSubmit2(6, 81)""></div><div class = Button7><input type=""button"" id = ""button7"" value=""7"" onClick = ""pressSubmit2(7, 81)""></div></div></div></div>","81","1562","69","","","","","","","","6","keeblerrainbow.bmp","go","0"
"","1631","81","1631","-1","post_task","poldrack-single-stim","532","877078","0.0-31.0-70.0","go_nogo","true","0","","<div class = bigBox><div class = pictureBox><img class='img.displayed' src='/static/experiments/gng_food/images/PringlesRed.bmp'></img></div><div class = sliderbox><div class = buttonBox><div class = Button1><input type=""button"" id = ""button1"" value=""1"" onClick = ""pressSubmit2(1, 81)""></div><div class = Button2><input type=""button"" id = ""button2"" value=""2"" onClick = ""pressSubmit2(2, 81)""></div><div class = Button3><input type=""button"" id = ""button3"" value=""3"" onClick = ""pressSubmit2(3, 81)""></div><div class = Button4><input type=""button"" id = ""button4"" value=""4"" onClick = ""pressSubmit2(4, 81)""></div><div class = Button5><input type=""button"" id = ""button5"" value=""5"" onClick = ""pressSubmit2(5, 81)""></div><div class = Button6><input type=""button"" id = ""button6"" value=""6"" onClick = ""pressSubmit2(6, 81)""></div><div class = Button7><input type=""button"" id = ""button7"" value=""7"" onClick = ""pressSubmit2(7, 81)""></div></div></div></div>","81","1631","70","","","","","","","","5","PringlesRed.bmp","untrained","0"
"","1427","81","1427","-1","post_task","poldrack-single-stim","533","878507","0.0-31.0-71.0","go_nogo","true","0","","<div class = bigBox><div class = pictureBox><img class='img.displayed' src='/static/experiments/gng_food/images/reddelicious.bmp'></img></div><div class = sliderbox><div class = buttonBox><div class = Button1><input type=""button"" id = ""button1"" value=""1"" onClick = ""pressSubmit2(1, 81)""></div><div class = Button2><input type=""button"" id = ""button2"" value=""2"" onClick = ""pressSubmit2(2, 81)""></div><div class = Button3><input type=""button"" id = ""button3"" value=""3"" onClick = ""pressSubmit2(3, 81)""></div><div class = Button4><input type=""button"" id = ""button4"" value=""4"" onClick = ""pressSubmit2(4, 81)""></div><div class = Button5><input type=""button"" id = ""button5"" value=""5"" onClick = ""pressSubmit2(5, 81)""></div><div class = Button6><input type=""button"" id = ""button6"" value=""6"" onClick = ""pressSubmit2(6, 81)""></div><div class = Button7><input type=""button"" id = ""button7"" value=""7"" onClick = ""pressSubmit2(7, 81)""></div></div></div></div>","81","1427","71","","","","","","","","5","reddelicious.bmp","noGo","0"
"<div class = bigBox><div class = welcomeBox><p class = center-block-text><font color = ""white"">Thank you for participating! You have completed the experiment.</font></p></div></div>","-1","-1","180000","-1","end","poldrack-text","534","1058505","0.0-32.0","go_nogo","true","0","","","","","","","","","","","","","","","",""
